0.000000 0.333333 1.000000 0.500000 0.333333 0.000000 61.288637
0.000001 0.333333 1.000000 0.500000 0.333333 0.000000 61.288637
0.000002 0.333333 1.000000 0.500000 0.333333 0.000000 61.288637
0.000003 0.335196 1.000000 0.502092 0.338889 0.008333 61.288637
0.000004 0.335196 1.000000 0.502092 0.338889 0.008333 61.288637
0.000005 0.335196 1.000000 0.502092 0.338889 0.008333 61.288637
0.000006 0.337079 1.000000 0.504201 0.344444 0.016667 61.288637
0.000007 0.338983 1.000000 0.506329 0.350000 0.025000 61.288637
0.000008 0.340909 1.000000 0.508474 0.355556 0.033333 61.288637
0.000009 0.342857 1.000000 0.510638 0.361111 0.041667 61.288637
0.000010 0.348837 1.000000 0.517241 0.377778 0.066667 61.288637
0.000011 0.348837 1.000000 0.517241 0.377778 0.066667 61.288637
0.000012 0.352941 1.000000 0.521739 0.388889 0.083333 61.288637
0.000013 0.355030 1.000000 0.524017 0.394444 0.091667 61.288637
0.000014 0.355030 1.000000 0.524017 0.394444 0.091667 61.288637
0.000015 0.361446 1.000000 0.530973 0.411111 0.116667 61.288637
0.000016 0.365854 1.000000 0.535714 0.422222 0.133333 61.288637
0.000017 0.365854 1.000000 0.535714 0.422222 0.133333 61.288637
0.000018 0.379747 1.000000 0.550458 0.455556 0.183333 61.288637
0.000019 0.387097 1.000000 0.558139 0.472222 0.208333 61.288637
0.000020 0.389610 1.000000 0.560747 0.477778 0.216667 61.288637
0.000021 0.389610 1.000000 0.560747 0.477778 0.216667 61.288637
0.000022 0.397351 1.000000 0.568720 0.494444 0.241667 61.288637
0.000023 0.400000 1.000000 0.571428 0.500000 0.250000 61.288637
0.000024 0.410959 1.000000 0.582524 0.522222 0.283333 61.288637
0.000025 0.413793 1.000000 0.585365 0.527778 0.291667 61.288637
0.000026 0.416667 1.000000 0.588235 0.533333 0.300000 61.288637
0.000027 0.419580 1.000000 0.591133 0.538889 0.308333 61.288637
0.000028 0.428571 1.000000 0.600000 0.555556 0.333333 61.288637
0.000029 0.428571 1.000000 0.600000 0.555556 0.333333 61.288637
0.000030 0.428571 1.000000 0.600000 0.555556 0.333333 61.288637
0.000031 0.431655 1.000000 0.603015 0.561111 0.341667 61.288637
0.000032 0.431655 1.000000 0.603015 0.561111 0.341667 61.288637
0.000033 0.431655 1.000000 0.603015 0.561111 0.341667 61.288637
0.000034 0.431655 1.000000 0.603015 0.561111 0.341667 61.288637
0.000035 0.431655 1.000000 0.603015 0.561111 0.341667 61.288637
0.000036 0.431655 1.000000 0.603015 0.561111 0.341667 61.288637
0.000037 0.434783 1.000000 0.606060 0.566667 0.350000 61.288637
0.000038 0.437956 1.000000 0.609137 0.572222 0.358333 61.288637
0.000039 0.437956 1.000000 0.609137 0.572222 0.358333 61.288637
0.000040 0.447761 1.000000 0.618556 0.588889 0.383333 61.288637
0.000041 0.447761 1.000000 0.618556 0.588889 0.383333 61.288637
0.000042 0.447761 1.000000 0.618556 0.588889 0.383333 61.288637
0.000043 0.451128 1.000000 0.621761 0.594444 0.391667 61.288637
0.000044 0.454545 1.000000 0.625000 0.600000 0.400000 61.288637
0.000045 0.454545 1.000000 0.625000 0.600000 0.400000 61.288637
0.000046 0.454545 1.000000 0.625000 0.600000 0.400000 61.288637
0.000047 0.465116 1.000000 0.634920 0.616667 0.425000 61.288637
0.000048 0.468750 1.000000 0.638297 0.622222 0.433333 61.288637
0.000049 0.468750 1.000000 0.638297 0.622222 0.433333 61.288637
0.000050 0.468750 1.000000 0.638297 0.622222 0.433333 61.288637
0.000051 0.468750 1.000000 0.638297 0.622222 0.433333 61.288637
0.000052 0.472441 1.000000 0.641711 0.627778 0.441667 61.288637
0.000053 0.483871 1.000000 0.652173 0.644444 0.466667 61.288637
0.000054 0.487805 1.000000 0.655737 0.650000 0.475000 61.288637
0.000055 0.491803 1.000000 0.659340 0.655556 0.483333 61.288637
0.000056 0.491803 1.000000 0.659340 0.655556 0.483333 61.288637
0.000057 0.491803 1.000000 0.659340 0.655556 0.483333 61.288637
0.000058 0.491803 1.000000 0.659340 0.655556 0.483333 61.288637
0.000059 0.491803 1.000000 0.659340 0.655556 0.483333 61.288637
0.000060 0.491803 1.000000 0.659340 0.655556 0.483333 61.288637
0.000061 0.491803 1.000000 0.659340 0.655556 0.483333 61.288637
0.000062 0.495868 1.000000 0.662983 0.661111 0.491667 61.288637
0.000063 0.500000 1.000000 0.666666 0.666667 0.500000 61.288637
0.000064 0.500000 1.000000 0.666666 0.666667 0.500000 61.288637
0.000065 0.500000 1.000000 0.666666 0.666667 0.500000 61.288637
0.000066 0.500000 1.000000 0.666666 0.666667 0.500000 61.288637
0.000067 0.500000 1.000000 0.666666 0.666667 0.500000 61.288637
0.000068 0.500000 1.000000 0.666666 0.666667 0.500000 61.288637
0.000069 0.500000 1.000000 0.666666 0.666667 0.500000 61.288637
0.000070 0.500000 1.000000 0.666666 0.666667 0.500000 61.288637
0.000071 0.500000 1.000000 0.666666 0.666667 0.500000 61.288637
0.000072 0.500000 1.000000 0.666666 0.666667 0.500000 61.288637
0.000073 0.500000 1.000000 0.666666 0.666667 0.500000 61.288637
0.000074 0.500000 1.000000 0.666666 0.666667 0.500000 61.288637
0.000075 0.500000 1.000000 0.666666 0.666667 0.500000 61.288637
0.000076 0.500000 1.000000 0.666666 0.666667 0.500000 61.288637
0.000077 0.500000 1.000000 0.666666 0.666667 0.500000 61.288637
0.000078 0.500000 1.000000 0.666666 0.666667 0.500000 61.288637
0.000079 0.500000 1.000000 0.666666 0.666667 0.500000 61.288637
0.000080 0.500000 1.000000 0.666666 0.666667 0.500000 61.288637
0.000081 0.500000 1.000000 0.666666 0.666667 0.500000 61.288637
0.000082 0.500000 1.000000 0.666666 0.666667 0.500000 61.288637
0.000083 0.500000 1.000000 0.666666 0.666667 0.500000 61.288637
0.000084 0.500000 1.000000 0.666666 0.666667 0.500000 61.288637
0.000085 0.500000 1.000000 0.666666 0.666667 0.500000 61.288637
0.000086 0.500000 1.000000 0.666666 0.666667 0.500000 61.288637
0.000087 0.500000 1.000000 0.666666 0.666667 0.500000 61.288637
0.000088 0.504202 1.000000 0.670391 0.672222 0.508333 61.288637
0.000089 0.504202 1.000000 0.670391 0.672222 0.508333 61.288637
0.000090 0.504202 1.000000 0.670391 0.672222 0.508333 61.288637
0.000091 0.504202 1.000000 0.670391 0.672222 0.508333 61.288637
0.000092 0.504202 1.000000 0.670391 0.672222 0.508333 61.288637
0.000093 0.504202 1.000000 0.670391 0.672222 0.508333 61.288637
0.000094 0.504202 1.000000 0.670391 0.672222 0.508333 61.288637
0.000095 0.504202 1.000000 0.670391 0.672222 0.508333 61.288637
0.000096 0.504202 1.000000 0.670391 0.672222 0.508333 61.288637
0.000097 0.504202 1.000000 0.670391 0.672222 0.508333 61.288637
0.000098 0.504202 1.000000 0.670391 0.672222 0.508333 61.288637
0.000099 0.504202 1.000000 0.670391 0.672222 0.508333 61.288637
0.000100 0.504202 1.000000 0.670391 0.672222 0.508333 61.288637
0.000101 0.504202 1.000000 0.670391 0.672222 0.508333 61.288637
0.000102 0.504202 1.000000 0.670391 0.672222 0.508333 61.288637
0.000103 0.504202 1.000000 0.670391 0.672222 0.508333 61.288637
0.000104 0.504202 1.000000 0.670391 0.672222 0.508333 61.288637
0.000105 0.504202 1.000000 0.670391 0.672222 0.508333 61.288637
0.000106 0.504202 1.000000 0.670391 0.672222 0.508333 61.288637
0.000107 0.504202 1.000000 0.670391 0.672222 0.508333 61.288637
0.000108 0.504202 1.000000 0.670391 0.672222 0.508333 61.288637
0.000109 0.504202 1.000000 0.670391 0.672222 0.508333 61.288637
0.000110 0.504202 1.000000 0.670391 0.672222 0.508333 61.288637
0.000111 0.504202 1.000000 0.670391 0.672222 0.508333 61.288637
0.000112 0.504202 1.000000 0.670391 0.672222 0.508333 61.288637
0.000113 0.504202 1.000000 0.670391 0.672222 0.508333 61.288637
0.000114 0.504202 1.000000 0.670391 0.672222 0.508333 61.288637
0.000115 0.504202 1.000000 0.670391 0.672222 0.508333 61.288637
0.000116 0.504202 1.000000 0.670391 0.672222 0.508333 61.288637
0.000117 0.504202 1.000000 0.670391 0.672222 0.508333 61.288637
0.000118 0.504202 1.000000 0.670391 0.672222 0.508333 61.288637
0.000119 0.504202 1.000000 0.670391 0.672222 0.508333 61.288637
0.000120 0.504202 1.000000 0.670391 0.672222 0.508333 61.288637
0.000121 0.504202 1.000000 0.670391 0.672222 0.508333 61.288637
0.000122 0.504202 1.000000 0.670391 0.672222 0.508333 61.288637
0.000123 0.504202 1.000000 0.670391 0.672222 0.508333 61.288637
0.000124 0.504202 1.000000 0.670391 0.672222 0.508333 61.288637
0.000125 0.504202 1.000000 0.670391 0.672222 0.508333 61.288637
0.000126 0.504202 1.000000 0.670391 0.672222 0.508333 61.288637
0.000127 0.504202 1.000000 0.670391 0.672222 0.508333 61.288637
0.000128 0.504202 1.000000 0.670391 0.672222 0.508333 61.288637
0.000129 0.504202 1.000000 0.670391 0.672222 0.508333 61.288637
0.000130 0.504202 1.000000 0.670391 0.672222 0.508333 61.288637
0.000131 0.504202 1.000000 0.670391 0.672222 0.508333 61.288637
0.000132 0.504202 1.000000 0.670391 0.672222 0.508333 61.288637
0.000133 0.504202 1.000000 0.670391 0.672222 0.508333 61.288637
0.000134 0.504202 1.000000 0.670391 0.672222 0.508333 61.288637
0.000135 0.504202 1.000000 0.670391 0.672222 0.508333 61.288637
0.000136 0.504202 1.000000 0.670391 0.672222 0.508333 61.288637
0.000137 0.504202 1.000000 0.670391 0.672222 0.508333 61.288637
0.000138 0.504202 1.000000 0.670391 0.672222 0.508333 61.288637
0.000139 0.504202 1.000000 0.670391 0.672222 0.508333 61.288637
0.000140 0.504202 1.000000 0.670391 0.672222 0.508333 61.288637
0.000141 0.504202 1.000000 0.670391 0.672222 0.508333 61.288637
0.000142 0.504202 1.000000 0.670391 0.672222 0.508333 61.288637
0.000143 0.504202 1.000000 0.670391 0.672222 0.508333 61.288637
0.000144 0.504202 1.000000 0.670391 0.672222 0.508333 61.288637
0.000145 0.504202 1.000000 0.670391 0.672222 0.508333 61.288637
0.000146 0.504202 1.000000 0.670391 0.672222 0.508333 61.288637
0.000147 0.504202 1.000000 0.670391 0.672222 0.508333 61.288637
0.000148 0.508475 1.000000 0.674157 0.677778 0.516667 61.288637
0.000149 0.508475 1.000000 0.674157 0.677778 0.516667 61.288637
0.000150 0.508475 1.000000 0.674157 0.677778 0.516667 61.288637
0.000151 0.508475 1.000000 0.674157 0.677778 0.516667 61.288637
0.000152 0.508475 1.000000 0.674157 0.677778 0.516667 61.288637
0.000153 0.508475 1.000000 0.674157 0.677778 0.516667 61.288637
0.000154 0.508475 1.000000 0.674157 0.677778 0.516667 61.288637
0.000155 0.508475 1.000000 0.674157 0.677778 0.516667 61.288637
0.000156 0.508475 1.000000 0.674157 0.677778 0.516667 61.288637
0.000157 0.508475 1.000000 0.674157 0.677778 0.516667 61.288637
0.000158 0.508475 1.000000 0.674157 0.677778 0.516667 61.288637
0.000159 0.508475 1.000000 0.674157 0.677778 0.516667 61.288637
0.000160 0.508475 1.000000 0.674157 0.677778 0.516667 61.288637
0.000161 0.508475 1.000000 0.674157 0.677778 0.516667 61.288637
0.000162 0.508475 1.000000 0.674157 0.677778 0.516667 61.288637
0.000163 0.508475 1.000000 0.674157 0.677778 0.516667 61.288637
0.000164 0.508475 1.000000 0.674157 0.677778 0.516667 61.288637
0.000165 0.508475 1.000000 0.674157 0.677778 0.516667 61.288637
0.000166 0.508475 1.000000 0.674157 0.677778 0.516667 61.288637
0.000167 0.508475 1.000000 0.674157 0.677778 0.516667 61.288637
0.000168 0.508475 1.000000 0.674157 0.677778 0.516667 61.288637
0.000169 0.512821 1.000000 0.677966 0.683333 0.525000 61.288637
0.000170 0.512821 1.000000 0.677966 0.683333 0.525000 61.288637
0.000171 0.512821 1.000000 0.677966 0.683333 0.525000 61.288637
0.000172 0.512821 1.000000 0.677966 0.683333 0.525000 61.288637
0.000173 0.517241 1.000000 0.681818 0.688889 0.533333 61.288637
0.000174 0.517241 1.000000 0.681818 0.688889 0.533333 61.288637
0.000175 0.517241 1.000000 0.681818 0.688889 0.533333 61.288637
0.000176 0.517241 1.000000 0.681818 0.688889 0.533333 61.288637
0.000177 0.517241 1.000000 0.681818 0.688889 0.533333 61.288637
0.000178 0.517241 1.000000 0.681818 0.688889 0.533333 61.288637
0.000179 0.521739 1.000000 0.685714 0.694444 0.541667 61.288637
0.000180 0.521739 1.000000 0.685714 0.694444 0.541667 61.288637
0.000181 0.521739 1.000000 0.685714 0.694444 0.541667 61.288637
0.000182 0.521739 1.000000 0.685714 0.694444 0.541667 61.288637
0.000183 0.526316 1.000000 0.689655 0.700000 0.550000 61.288637
0.000184 0.530973 1.000000 0.693641 0.705556 0.558333 61.288637
0.000185 0.535714 1.000000 0.697674 0.711111 0.566667 61.288637
0.000186 0.535714 1.000000 0.697674 0.711111 0.566667 61.288637
0.000187 0.535714 1.000000 0.697674 0.711111 0.566667 61.288637
0.000188 0.535714 1.000000 0.697674 0.711111 0.566667 61.288637
0.000189 0.540541 1.000000 0.701754 0.716667 0.575000 61.288637
0.000190 0.545455 1.000000 0.705882 0.722222 0.583333 61.288637
0.000191 0.545455 1.000000 0.705882 0.722222 0.583333 61.288637
0.000192 0.545455 1.000000 0.705882 0.722222 0.583333 61.288637
0.000193 0.545455 1.000000 0.705882 0.722222 0.583333 61.288637
0.000194 0.545455 1.000000 0.705882 0.722222 0.583333 61.288637
0.000195 0.545455 1.000000 0.705882 0.722222 0.583333 61.288637
0.000196 0.545455 1.000000 0.705882 0.722222 0.583333 61.288637
0.000197 0.545455 1.000000 0.705882 0.722222 0.583333 61.288637
0.000198 0.550459 1.000000 0.710059 0.727778 0.591667 61.288637
0.000199 0.550459 1.000000 0.710059 0.727778 0.591667 61.288637
0.000200 0.550459 1.000000 0.710059 0.727778 0.591667 61.288637
0.000201 0.550459 1.000000 0.710059 0.727778 0.591667 61.288637
0.000202 0.550459 1.000000 0.710059 0.727778 0.591667 61.288637
0.000203 0.555556 1.000000 0.714285 0.733333 0.600000 61.288637
0.000204 0.555556 1.000000 0.714285 0.733333 0.600000 61.288637
0.000205 0.555556 1.000000 0.714285 0.733333 0.600000 61.288637
0.000206 0.560748 1.000000 0.718562 0.738889 0.608333 61.288637
0.000207 0.560748 1.000000 0.718562 0.738889 0.608333 61.288637
0.000208 0.560748 1.000000 0.718562 0.738889 0.608333 61.288637
0.000209 0.560748 1.000000 0.718562 0.738889 0.608333 61.288637
0.000210 0.560748 1.000000 0.718562 0.738889 0.608333 61.288637
0.000211 0.560748 1.000000 0.718562 0.738889 0.608333 61.288637
0.000212 0.560748 1.000000 0.718562 0.738889 0.608333 61.288637
0.000213 0.560748 1.000000 0.718562 0.738889 0.608333 61.288637
0.000214 0.560748 1.000000 0.718562 0.738889 0.608333 61.288637
0.000215 0.560748 1.000000 0.718562 0.738889 0.608333 61.288637
0.000216 0.560748 1.000000 0.718562 0.738889 0.608333 61.288637
0.000217 0.560748 1.000000 0.718562 0.738889 0.608333 61.288637
0.000218 0.560748 1.000000 0.718562 0.738889 0.608333 61.288637
0.000219 0.560748 1.000000 0.718562 0.738889 0.608333 61.288637
0.000220 0.560748 1.000000 0.718562 0.738889 0.608333 61.288637
0.000221 0.560748 1.000000 0.718562 0.738889 0.608333 61.288637
0.000222 0.566038 1.000000 0.722891 0.744444 0.616667 61.288637
0.000223 0.566038 1.000000 0.722891 0.744444 0.616667 61.288637
0.000224 0.566038 1.000000 0.722891 0.744444 0.616667 61.288637
0.000225 0.566038 1.000000 0.722891 0.744444 0.616667 61.288637
0.000226 0.566038 1.000000 0.722891 0.744444 0.616667 61.288637
0.000227 0.571429 1.000000 0.727272 0.750000 0.625000 61.288637
0.000228 0.576923 1.000000 0.731707 0.755556 0.633333 61.288637
0.000229 0.576923 1.000000 0.731707 0.755556 0.633333 61.288637
0.000230 0.582524 1.000000 0.736196 0.761111 0.641667 61.288637
0.000231 0.582524 1.000000 0.736196 0.761111 0.641667 61.288637
0.000232 0.582524 1.000000 0.736196 0.761111 0.641667 61.288637
0.000233 0.582524 1.000000 0.736196 0.761111 0.641667 61.288637
0.000234 0.582524 1.000000 0.736196 0.761111 0.641667 61.288637
0.000235 0.582524 1.000000 0.736196 0.761111 0.641667 61.288637
0.000236 0.582524 1.000000 0.736196 0.761111 0.641667 61.288637
0.000237 0.582524 1.000000 0.736196 0.761111 0.641667 61.288637
0.000238 0.588235 1.000000 0.740740 0.766667 0.650000 61.288637
0.000239 0.588235 1.000000 0.740740 0.766667 0.650000 61.288637
0.000240 0.588235 1.000000 0.740740 0.766667 0.650000 61.288637
0.000241 0.588235 1.000000 0.740740 0.766667 0.650000 61.288637
0.000242 0.600000 1.000000 0.750000 0.777778 0.666667 61.288637
0.000243 0.600000 1.000000 0.750000 0.777778 0.666667 61.288637
0.000244 0.612245 1.000000 0.759493 0.788889 0.683333 61.288637
0.000245 0.612245 1.000000 0.759493 0.788889 0.683333 61.288637
0.000246 0.612245 1.000000 0.759493 0.788889 0.683333 61.288637
0.000247 0.612245 1.000000 0.759493 0.788889 0.683333 61.288637
0.000248 0.618557 1.000000 0.764331 0.794444 0.691667 61.288637
0.000249 0.618557 1.000000 0.764331 0.794444 0.691667 61.288637
0.000250 0.625000 1.000000 0.769230 0.800000 0.700000 61.288637
0.000251 0.625000 1.000000 0.769230 0.800000 0.700000 61.288637
0.000252 0.631579 1.000000 0.774193 0.805556 0.708333 61.288637
0.000253 0.631579 1.000000 0.774193 0.805556 0.708333 61.288637
0.000254 0.631579 1.000000 0.774193 0.805556 0.708333 61.288637
0.000255 0.631579 1.000000 0.774193 0.805556 0.708333 61.288637
0.000256 0.631579 1.000000 0.774193 0.805556 0.708333 61.288637
0.000257 0.638298 1.000000 0.779220 0.811111 0.716667 61.288637
0.000258 0.638298 1.000000 0.779220 0.811111 0.716667 61.288637
0.000259 0.638298 1.000000 0.779220 0.811111 0.716667 61.288637
0.000260 0.638298 1.000000 0.779220 0.811111 0.716667 61.288637
0.000261 0.638298 1.000000 0.779220 0.811111 0.716667 61.288637
0.000262 0.638298 1.000000 0.779220 0.811111 0.716667 61.288637
0.000263 0.638298 1.000000 0.779220 0.811111 0.716667 61.288637
0.000264 0.645161 1.000000 0.784313 0.816667 0.725000 61.288637
0.000265 0.645161 1.000000 0.784313 0.816667 0.725000 61.288637
0.000266 0.645161 1.000000 0.784313 0.816667 0.725000 61.288637
0.000267 0.645161 1.000000 0.784313 0.816667 0.725000 61.288637
0.000268 0.645161 1.000000 0.784313 0.816667 0.725000 61.288637
0.000269 0.645161 1.000000 0.784313 0.816667 0.725000 61.288637
0.000270 0.645161 1.000000 0.784313 0.816667 0.725000 61.288637
0.000271 0.645161 1.000000 0.784313 0.816667 0.725000 61.288637
0.000272 0.645161 1.000000 0.784313 0.816667 0.725000 61.288637
0.000273 0.645161 1.000000 0.784313 0.816667 0.725000 61.288637
0.000274 0.645161 1.000000 0.784313 0.816667 0.725000 61.288637
0.000275 0.645161 1.000000 0.784313 0.816667 0.725000 61.288637
0.000276 0.645161 1.000000 0.784313 0.816667 0.725000 61.288637
0.000277 0.645161 1.000000 0.784313 0.816667 0.725000 61.288637
0.000278 0.645161 1.000000 0.784313 0.816667 0.725000 61.288637
0.000279 0.645161 1.000000 0.784313 0.816667 0.725000 61.288637
0.000280 0.645161 1.000000 0.784313 0.816667 0.725000 61.288637
0.000281 0.645161 1.000000 0.784313 0.816667 0.725000 61.288637
0.000282 0.652174 1.000000 0.789473 0.822222 0.733333 61.288637
0.000283 0.652174 1.000000 0.789473 0.822222 0.733333 61.288637
0.000284 0.652174 1.000000 0.789473 0.822222 0.733333 61.288637
0.000285 0.652174 1.000000 0.789473 0.822222 0.733333 61.288637
0.000286 0.652174 1.000000 0.789473 0.822222 0.733333 61.288637
0.000287 0.652174 1.000000 0.789473 0.822222 0.733333 61.288637
0.000288 0.652174 1.000000 0.789473 0.822222 0.733333 61.288637
0.000289 0.652174 1.000000 0.789473 0.822222 0.733333 61.288637
0.000290 0.652174 1.000000 0.789473 0.822222 0.733333 61.288637
0.000291 0.652174 1.000000 0.789473 0.822222 0.733333 61.288637
0.000292 0.652174 1.000000 0.789473 0.822222 0.733333 61.288637
0.000293 0.659341 1.000000 0.794702 0.827778 0.741667 61.288637
0.000294 0.659341 1.000000 0.794702 0.827778 0.741667 61.288637
0.000295 0.659341 1.000000 0.794702 0.827778 0.741667 61.288637
0.000296 0.659341 1.000000 0.794702 0.827778 0.741667 61.288637
0.000297 0.659341 1.000000 0.794702 0.827778 0.741667 61.288637
0.000298 0.659341 1.000000 0.794702 0.827778 0.741667 61.288637
0.000299 0.659341 1.000000 0.794702 0.827778 0.741667 61.288637
0.000300 0.659341 1.000000 0.794702 0.827778 0.741667 61.288637
0.000301 0.659341 1.000000 0.794702 0.827778 0.741667 61.288637
0.000302 0.659341 1.000000 0.794702 0.827778 0.741667 61.288637
0.000303 0.659341 1.000000 0.794702 0.827778 0.741667 61.288637
0.000304 0.659341 1.000000 0.794702 0.827778 0.741667 61.288637
0.000305 0.659341 1.000000 0.794702 0.827778 0.741667 61.288637
0.000306 0.659341 1.000000 0.794702 0.827778 0.741667 61.288637
0.000307 0.659341 1.000000 0.794702 0.827778 0.741667 61.288637
0.000308 0.659341 1.000000 0.794702 0.827778 0.741667 61.288637
0.000309 0.659341 1.000000 0.794702 0.827778 0.741667 61.288637
0.000310 0.659341 1.000000 0.794702 0.827778 0.741667 61.288637
0.000311 0.659341 1.000000 0.794702 0.827778 0.741667 61.288637
0.000312 0.659341 1.000000 0.794702 0.827778 0.741667 61.288637
0.000313 0.659341 1.000000 0.794702 0.827778 0.741667 61.288637
0.000314 0.659341 1.000000 0.794702 0.827778 0.741667 61.288637
0.000315 0.659341 1.000000 0.794702 0.827778 0.741667 61.288637
0.000316 0.659341 1.000000 0.794702 0.827778 0.741667 61.288637
0.000317 0.659341 1.000000 0.794702 0.827778 0.741667 61.288637
0.000318 0.659341 1.000000 0.794702 0.827778 0.741667 61.288637
0.000319 0.666667 1.000000 0.800000 0.833333 0.750000 61.288637
0.000320 0.666667 1.000000 0.800000 0.833333 0.750000 61.288637
0.000321 0.666667 1.000000 0.800000 0.833333 0.750000 61.288637
0.000322 0.666667 1.000000 0.800000 0.833333 0.750000 61.288637
0.000323 0.666667 1.000000 0.800000 0.833333 0.750000 61.288637
0.000324 0.666667 1.000000 0.800000 0.833333 0.750000 61.288637
0.000325 0.666667 1.000000 0.800000 0.833333 0.750000 61.288637
0.000326 0.666667 1.000000 0.800000 0.833333 0.750000 61.288637
0.000327 0.666667 1.000000 0.800000 0.833333 0.750000 61.288637
0.000328 0.666667 1.000000 0.800000 0.833333 0.750000 61.288637
0.000329 0.666667 1.000000 0.800000 0.833333 0.750000 61.288637
0.000330 0.666667 1.000000 0.800000 0.833333 0.750000 61.288637
0.000331 0.666667 1.000000 0.800000 0.833333 0.750000 61.288637
0.000332 0.666667 1.000000 0.800000 0.833333 0.750000 61.288637
0.000333 0.666667 1.000000 0.800000 0.833333 0.750000 61.288637
0.000334 0.674157 1.000000 0.805369 0.838889 0.758333 61.288637
0.000335 0.674157 1.000000 0.805369 0.838889 0.758333 61.288637
0.000336 0.674157 1.000000 0.805369 0.838889 0.758333 61.288637
0.000337 0.674157 1.000000 0.805369 0.838889 0.758333 61.288637
0.000338 0.674157 1.000000 0.805369 0.838889 0.758333 61.288637
0.000339 0.674157 1.000000 0.805369 0.838889 0.758333 61.288637
0.000340 0.674157 1.000000 0.805369 0.838889 0.758333 61.288637
0.000341 0.674157 1.000000 0.805369 0.838889 0.758333 61.288637
0.000342 0.681818 1.000000 0.810810 0.844444 0.766667 61.288637
0.000343 0.681818 1.000000 0.810810 0.844444 0.766667 61.288637
0.000344 0.681818 1.000000 0.810810 0.844444 0.766667 61.288637
0.000345 0.681818 1.000000 0.810810 0.844444 0.766667 61.288637
0.000346 0.681818 1.000000 0.810810 0.844444 0.766667 61.288637
0.000347 0.689655 1.000000 0.816326 0.850000 0.775000 61.288637
0.000348 0.689655 1.000000 0.816326 0.850000 0.775000 61.288637
0.000349 0.689655 1.000000 0.816326 0.850000 0.775000 61.288637
0.000350 0.689655 1.000000 0.816326 0.850000 0.775000 61.288637
0.000351 0.689655 1.000000 0.816326 0.850000 0.775000 61.288637
0.000352 0.689655 1.000000 0.816326 0.850000 0.775000 61.288637
0.000353 0.689655 1.000000 0.816326 0.850000 0.775000 61.288637
0.000354 0.689655 1.000000 0.816326 0.850000 0.775000 61.288637
0.000355 0.689655 1.000000 0.816326 0.850000 0.775000 61.288637
0.000356 0.689655 1.000000 0.816326 0.850000 0.775000 61.288637
0.000357 0.689655 1.000000 0.816326 0.850000 0.775000 61.288637
0.000358 0.689655 1.000000 0.816326 0.850000 0.775000 61.288637
0.000359 0.689655 1.000000 0.816326 0.850000 0.775000 61.288637
0.000360 0.689655 1.000000 0.816326 0.850000 0.775000 61.288637
0.000361 0.689655 1.000000 0.816326 0.850000 0.775000 61.288637
0.000362 0.689655 1.000000 0.816326 0.850000 0.775000 61.288637
0.000363 0.689655 1.000000 0.816326 0.850000 0.775000 61.288637
0.000364 0.689655 1.000000 0.816326 0.850000 0.775000 61.288637
0.000365 0.689655 1.000000 0.816326 0.850000 0.775000 61.288637
0.000366 0.689655 1.000000 0.816326 0.850000 0.775000 61.288637
0.000367 0.689655 1.000000 0.816326 0.850000 0.775000 61.288637
0.000368 0.689655 1.000000 0.816326 0.850000 0.775000 61.288637
0.000369 0.689655 1.000000 0.816326 0.850000 0.775000 61.288637
0.000370 0.689655 1.000000 0.816326 0.850000 0.775000 61.288637
0.000371 0.697674 1.000000 0.821917 0.855556 0.783333 61.288637
0.000372 0.697674 1.000000 0.821917 0.855556 0.783333 61.288637
0.000373 0.697674 1.000000 0.821917 0.855556 0.783333 61.288637
0.000374 0.697674 1.000000 0.821917 0.855556 0.783333 61.288637
0.000375 0.697674 1.000000 0.821917 0.855556 0.783333 61.288637
0.000376 0.697674 1.000000 0.821917 0.855556 0.783333 61.288637
0.000377 0.697674 1.000000 0.821917 0.855556 0.783333 61.288637
0.000378 0.697674 1.000000 0.821917 0.855556 0.783333 61.288637
0.000379 0.697674 1.000000 0.821917 0.855556 0.783333 61.288637
0.000380 0.697674 1.000000 0.821917 0.855556 0.783333 61.288637
0.000381 0.697674 1.000000 0.821917 0.855556 0.783333 61.288637
0.000382 0.697674 1.000000 0.821917 0.855556 0.783333 61.288637
0.000383 0.697674 1.000000 0.821917 0.855556 0.783333 61.288637
0.000384 0.705882 1.000000 0.827586 0.861111 0.791667 61.288637
0.000385 0.705882 1.000000 0.827586 0.861111 0.791667 61.288637
0.000386 0.705882 1.000000 0.827586 0.861111 0.791667 61.288637
0.000387 0.705882 1.000000 0.827586 0.861111 0.791667 61.288637
0.000388 0.705882 1.000000 0.827586 0.861111 0.791667 61.288637
0.000389 0.705882 1.000000 0.827586 0.861111 0.791667 61.288637
0.000390 0.705882 1.000000 0.827586 0.861111 0.791667 61.288637
0.000391 0.705882 1.000000 0.827586 0.861111 0.791667 61.288637
0.000392 0.705882 1.000000 0.827586 0.861111 0.791667 61.288637
0.000393 0.705882 1.000000 0.827586 0.861111 0.791667 61.288637
0.000394 0.705882 1.000000 0.827586 0.861111 0.791667 61.288637
0.000395 0.705882 1.000000 0.827586 0.861111 0.791667 61.288637
0.000396 0.705882 1.000000 0.827586 0.861111 0.791667 61.288637
0.000397 0.705882 1.000000 0.827586 0.861111 0.791667 61.288637
0.000398 0.705882 1.000000 0.827586 0.861111 0.791667 61.288637
0.000399 0.705882 1.000000 0.827586 0.861111 0.791667 61.288637
0.000400 0.705882 1.000000 0.827586 0.861111 0.791667 61.288637
0.000401 0.705882 1.000000 0.827586 0.861111 0.791667 61.288637
0.000402 0.705882 1.000000 0.827586 0.861111 0.791667 61.288637
0.000403 0.705882 1.000000 0.827586 0.861111 0.791667 61.288637
0.000404 0.705882 1.000000 0.827586 0.861111 0.791667 61.288637
0.000405 0.705882 1.000000 0.827586 0.861111 0.791667 61.288637
0.000406 0.705882 1.000000 0.827586 0.861111 0.791667 61.288637
0.000407 0.705882 1.000000 0.827586 0.861111 0.791667 61.288637
0.000408 0.705882 1.000000 0.827586 0.861111 0.791667 61.288637
0.000409 0.705882 1.000000 0.827586 0.861111 0.791667 61.288637
0.000410 0.705882 1.000000 0.827586 0.861111 0.791667 61.288637
0.000411 0.705882 1.000000 0.827586 0.861111 0.791667 61.288637
0.000412 0.705882 1.000000 0.827586 0.861111 0.791667 61.288637
0.000413 0.705882 1.000000 0.827586 0.861111 0.791667 61.288637
0.000414 0.714286 1.000000 0.833333 0.866667 0.800000 61.288637
0.000415 0.714286 1.000000 0.833333 0.866667 0.800000 61.288637
0.000416 0.714286 1.000000 0.833333 0.866667 0.800000 61.288637
0.000417 0.714286 1.000000 0.833333 0.866667 0.800000 61.288637
0.000418 0.722892 1.000000 0.839160 0.872222 0.808333 61.288637
0.000419 0.731707 1.000000 0.845070 0.877778 0.816667 61.288637
0.000420 0.731707 1.000000 0.845070 0.877778 0.816667 61.288637
0.000421 0.731707 1.000000 0.845070 0.877778 0.816667 61.288637
0.000422 0.731707 1.000000 0.845070 0.877778 0.816667 61.288637
0.000423 0.731707 1.000000 0.845070 0.877778 0.816667 61.288637
0.000424 0.731707 1.000000 0.845070 0.877778 0.816667 61.288637
0.000425 0.731707 1.000000 0.845070 0.877778 0.816667 61.288637
0.000426 0.740741 1.000000 0.851063 0.883333 0.825000 61.288637
0.000427 0.740741 1.000000 0.851063 0.883333 0.825000 61.288637
0.000428 0.740741 1.000000 0.851063 0.883333 0.825000 61.288637
0.000429 0.740741 1.000000 0.851063 0.883333 0.825000 61.288637
0.000430 0.740741 1.000000 0.851063 0.883333 0.825000 61.288637
0.000431 0.740741 1.000000 0.851063 0.883333 0.825000 61.288637
0.000432 0.740741 1.000000 0.851063 0.883333 0.825000 61.288637
0.000433 0.740741 1.000000 0.851063 0.883333 0.825000 61.288637
0.000434 0.740741 1.000000 0.851063 0.883333 0.825000 61.288637
0.000435 0.740741 1.000000 0.851063 0.883333 0.825000 61.288637
0.000436 0.740741 1.000000 0.851063 0.883333 0.825000 61.288637
0.000437 0.740741 1.000000 0.851063 0.883333 0.825000 61.288637
0.000438 0.740741 1.000000 0.851063 0.883333 0.825000 61.288637
0.000439 0.740741 1.000000 0.851063 0.883333 0.825000 61.288637
0.000440 0.740741 1.000000 0.851063 0.883333 0.825000 61.288637
0.000441 0.740741 1.000000 0.851063 0.883333 0.825000 61.288637
0.000442 0.740741 1.000000 0.851063 0.883333 0.825000 61.288637
0.000443 0.740741 1.000000 0.851063 0.883333 0.825000 61.288637
0.000444 0.740741 1.000000 0.851063 0.883333 0.825000 61.288637
0.000445 0.740741 1.000000 0.851063 0.883333 0.825000 61.288637
0.000446 0.740741 1.000000 0.851063 0.883333 0.825000 61.288637
0.000447 0.740741 1.000000 0.851063 0.883333 0.825000 61.288637
0.000448 0.740741 1.000000 0.851063 0.883333 0.825000 61.288637
0.000449 0.740741 1.000000 0.851063 0.883333 0.825000 61.288637
0.000450 0.740741 1.000000 0.851063 0.883333 0.825000 61.288637
0.000451 0.740741 1.000000 0.851063 0.883333 0.825000 61.288637
0.000452 0.740741 1.000000 0.851063 0.883333 0.825000 61.288637
0.000453 0.740741 1.000000 0.851063 0.883333 0.825000 61.288637
0.000454 0.740741 1.000000 0.851063 0.883333 0.825000 61.288637
0.000455 0.740741 1.000000 0.851063 0.883333 0.825000 61.288637
0.000456 0.740741 1.000000 0.851063 0.883333 0.825000 61.288637
0.000457 0.740741 1.000000 0.851063 0.883333 0.825000 61.288637
0.000458 0.740741 1.000000 0.851063 0.883333 0.825000 61.288637
0.000459 0.740741 1.000000 0.851063 0.883333 0.825000 61.288637
0.000460 0.740741 1.000000 0.851063 0.883333 0.825000 61.288637
0.000461 0.740741 1.000000 0.851063 0.883333 0.825000 61.288637
0.000462 0.740741 1.000000 0.851063 0.883333 0.825000 61.288637
0.000463 0.740741 1.000000 0.851063 0.883333 0.825000 61.288637
0.000464 0.740741 1.000000 0.851063 0.883333 0.825000 61.288637
0.000465 0.740741 1.000000 0.851063 0.883333 0.825000 61.288637
0.000466 0.740741 1.000000 0.851063 0.883333 0.825000 61.288637
0.000467 0.740741 1.000000 0.851063 0.883333 0.825000 61.288637
0.000468 0.740741 1.000000 0.851063 0.883333 0.825000 61.288637
0.000469 0.740741 1.000000 0.851063 0.883333 0.825000 61.288637
0.000470 0.740741 1.000000 0.851063 0.883333 0.825000 61.288637
0.000471 0.740741 1.000000 0.851063 0.883333 0.825000 61.288637
0.000472 0.740741 1.000000 0.851063 0.883333 0.825000 61.288637
0.000473 0.740741 1.000000 0.851063 0.883333 0.825000 61.288637
0.000474 0.740741 1.000000 0.851063 0.883333 0.825000 61.288637
0.000475 0.740741 1.000000 0.851063 0.883333 0.825000 61.288637
0.000476 0.740741 1.000000 0.851063 0.883333 0.825000 61.288637
0.000477 0.740741 1.000000 0.851063 0.883333 0.825000 61.288637
0.000478 0.740741 1.000000 0.851063 0.883333 0.825000 61.288637
0.000479 0.740741 1.000000 0.851063 0.883333 0.825000 61.288637
0.000480 0.740741 1.000000 0.851063 0.883333 0.825000 61.288637
0.000481 0.740741 1.000000 0.851063 0.883333 0.825000 61.288637
0.000482 0.740741 1.000000 0.851063 0.883333 0.825000 61.288637
0.000483 0.740741 1.000000 0.851063 0.883333 0.825000 61.288637
0.000484 0.740741 1.000000 0.851063 0.883333 0.825000 61.288637
0.000485 0.740741 1.000000 0.851063 0.883333 0.825000 61.288637
0.000486 0.740741 1.000000 0.851063 0.883333 0.825000 61.288637
0.000487 0.740741 1.000000 0.851063 0.883333 0.825000 61.288637
0.000488 0.740741 1.000000 0.851063 0.883333 0.825000 61.288637
0.000489 0.740741 1.000000 0.851063 0.883333 0.825000 61.288637
0.000490 0.740741 1.000000 0.851063 0.883333 0.825000 61.288637
0.000491 0.740741 1.000000 0.851063 0.883333 0.825000 61.288637
0.000492 0.740741 1.000000 0.851063 0.883333 0.825000 61.288637
0.000493 0.740741 1.000000 0.851063 0.883333 0.825000 61.288637
0.000494 0.740741 1.000000 0.851063 0.883333 0.825000 61.288637
0.000495 0.740741 1.000000 0.851063 0.883333 0.825000 61.288637
0.000496 0.740741 1.000000 0.851063 0.883333 0.825000 61.288637
0.000497 0.750000 1.000000 0.857142 0.888889 0.833333 61.288637
0.000498 0.750000 1.000000 0.857142 0.888889 0.833333 61.288637
0.000499 0.750000 1.000000 0.857142 0.888889 0.833333 61.288637
0.000500 0.750000 1.000000 0.857142 0.888889 0.833333 61.288637
0.000501 0.750000 1.000000 0.857142 0.888889 0.833333 61.288637
0.000502 0.750000 1.000000 0.857142 0.888889 0.833333 61.288637
0.000503 0.750000 1.000000 0.857142 0.888889 0.833333 61.288637
0.000504 0.750000 1.000000 0.857142 0.888889 0.833333 61.288637
0.000505 0.759494 1.000000 0.863309 0.894444 0.841667 61.288637
0.000506 0.759494 1.000000 0.863309 0.894444 0.841667 61.288637
0.000507 0.759494 1.000000 0.863309 0.894444 0.841667 61.288637
0.000508 0.759494 1.000000 0.863309 0.894444 0.841667 61.288637
0.000509 0.759494 1.000000 0.863309 0.894444 0.841667 61.288637
0.000510 0.759494 1.000000 0.863309 0.894444 0.841667 61.288637
0.000511 0.759494 1.000000 0.863309 0.894444 0.841667 61.288637
0.000512 0.759494 1.000000 0.863309 0.894444 0.841667 61.288637
0.000513 0.759494 1.000000 0.863309 0.894444 0.841667 61.288637
0.000514 0.759494 1.000000 0.863309 0.894444 0.841667 61.288637
0.000515 0.759494 1.000000 0.863309 0.894444 0.841667 61.288637
0.000516 0.759494 1.000000 0.863309 0.894444 0.841667 61.288637
0.000517 0.759494 1.000000 0.863309 0.894444 0.841667 61.288637
0.000518 0.759494 1.000000 0.863309 0.894444 0.841667 61.288637
0.000519 0.759494 1.000000 0.863309 0.894444 0.841667 61.288637
0.000520 0.759494 1.000000 0.863309 0.894444 0.841667 61.288637
0.000521 0.759494 1.000000 0.863309 0.894444 0.841667 61.288637
0.000522 0.759494 1.000000 0.863309 0.894444 0.841667 61.288637
0.000523 0.759494 1.000000 0.863309 0.894444 0.841667 61.288637
0.000524 0.759494 1.000000 0.863309 0.894444 0.841667 61.288637
0.000525 0.759494 1.000000 0.863309 0.894444 0.841667 61.288637
0.000526 0.759494 1.000000 0.863309 0.894444 0.841667 61.288637
0.000527 0.759494 1.000000 0.863309 0.894444 0.841667 61.288637
0.000528 0.759494 1.000000 0.863309 0.894444 0.841667 61.288637
0.000529 0.759494 1.000000 0.863309 0.894444 0.841667 61.288637
0.000530 0.759494 1.000000 0.863309 0.894444 0.841667 61.288637
0.000531 0.759494 1.000000 0.863309 0.894444 0.841667 61.288637
0.000532 0.759494 1.000000 0.863309 0.894444 0.841667 61.288637
0.000533 0.759494 1.000000 0.863309 0.894444 0.841667 61.288637
0.000534 0.759494 1.000000 0.863309 0.894444 0.841667 61.288637
0.000535 0.759494 1.000000 0.863309 0.894444 0.841667 61.288637
0.000536 0.759494 1.000000 0.863309 0.894444 0.841667 61.288637
0.000537 0.759494 1.000000 0.863309 0.894444 0.841667 61.288637
0.000538 0.759494 1.000000 0.863309 0.894444 0.841667 61.288637
0.000539 0.759494 1.000000 0.863309 0.894444 0.841667 61.288637
0.000540 0.759494 1.000000 0.863309 0.894444 0.841667 61.288637
0.000541 0.759494 1.000000 0.863309 0.894444 0.841667 61.288637
0.000542 0.759494 1.000000 0.863309 0.894444 0.841667 61.288637
0.000543 0.759494 1.000000 0.863309 0.894444 0.841667 61.288637
0.000544 0.759494 1.000000 0.863309 0.894444 0.841667 61.288637
0.000545 0.759494 1.000000 0.863309 0.894444 0.841667 61.288637
0.000546 0.759494 1.000000 0.863309 0.894444 0.841667 61.288637
0.000547 0.759494 1.000000 0.863309 0.894444 0.841667 61.288637
0.000548 0.759494 1.000000 0.863309 0.894444 0.841667 61.288637
0.000549 0.759494 1.000000 0.863309 0.894444 0.841667 61.288637
0.000550 0.759494 1.000000 0.863309 0.894444 0.841667 61.288637
0.000551 0.759494 1.000000 0.863309 0.894444 0.841667 61.288637
0.000552 0.759494 1.000000 0.863309 0.894444 0.841667 61.288637
0.000553 0.759494 1.000000 0.863309 0.894444 0.841667 61.288637
0.000554 0.759494 1.000000 0.863309 0.894444 0.841667 61.288637
0.000555 0.759494 1.000000 0.863309 0.894444 0.841667 61.288637
0.000556 0.759494 1.000000 0.863309 0.894444 0.841667 61.288637
0.000557 0.759494 1.000000 0.863309 0.894444 0.841667 61.288637
0.000558 0.759494 1.000000 0.863309 0.894444 0.841667 61.288637
0.000559 0.759494 1.000000 0.863309 0.894444 0.841667 61.288637
0.000560 0.759494 1.000000 0.863309 0.894444 0.841667 61.288637
0.000561 0.759494 1.000000 0.863309 0.894444 0.841667 61.288637
0.000562 0.759494 1.000000 0.863309 0.894444 0.841667 61.288637
0.000563 0.759494 1.000000 0.863309 0.894444 0.841667 61.288637
0.000564 0.759494 1.000000 0.863309 0.894444 0.841667 61.288637
0.000565 0.759494 1.000000 0.863309 0.894444 0.841667 61.288637
0.000566 0.759494 1.000000 0.863309 0.894444 0.841667 61.288637
0.000567 0.759494 1.000000 0.863309 0.894444 0.841667 61.288637
0.000568 0.759494 1.000000 0.863309 0.894444 0.841667 61.288637
0.000569 0.759494 1.000000 0.863309 0.894444 0.841667 61.288637
0.000570 0.759494 1.000000 0.863309 0.894444 0.841667 61.288637
0.000571 0.759494 1.000000 0.863309 0.894444 0.841667 61.288637
0.000572 0.759494 1.000000 0.863309 0.894444 0.841667 61.288637
0.000573 0.759494 1.000000 0.863309 0.894444 0.841667 61.288637
0.000574 0.759494 1.000000 0.863309 0.894444 0.841667 61.288637
0.000575 0.759494 1.000000 0.863309 0.894444 0.841667 61.288637
0.000576 0.759494 1.000000 0.863309 0.894444 0.841667 61.288637
0.000577 0.759494 1.000000 0.863309 0.894444 0.841667 61.288637
0.000578 0.759494 1.000000 0.863309 0.894444 0.841667 61.288637
0.000579 0.759494 1.000000 0.863309 0.894444 0.841667 61.288637
0.000580 0.759494 1.000000 0.863309 0.894444 0.841667 61.288637
0.000581 0.759494 1.000000 0.863309 0.894444 0.841667 61.288637
0.000582 0.759494 1.000000 0.863309 0.894444 0.841667 61.288637
0.000583 0.759494 1.000000 0.863309 0.894444 0.841667 61.288637
0.000584 0.759494 1.000000 0.863309 0.894444 0.841667 61.288637
0.000585 0.759494 1.000000 0.863309 0.894444 0.841667 61.288637
0.000586 0.759494 1.000000 0.863309 0.894444 0.841667 61.288637
0.000587 0.759494 1.000000 0.863309 0.894444 0.841667 61.288637
0.000588 0.759494 1.000000 0.863309 0.894444 0.841667 61.288637
0.000589 0.759494 1.000000 0.863309 0.894444 0.841667 61.288637
0.000590 0.759494 1.000000 0.863309 0.894444 0.841667 61.288637
0.000591 0.759494 1.000000 0.863309 0.894444 0.841667 61.288637
0.000592 0.759494 1.000000 0.863309 0.894444 0.841667 61.288637
0.000593 0.759494 1.000000 0.863309 0.894444 0.841667 61.288637
0.000594 0.759494 1.000000 0.863309 0.894444 0.841667 61.288637
0.000595 0.759494 1.000000 0.863309 0.894444 0.841667 61.288637
0.000596 0.759494 1.000000 0.863309 0.894444 0.841667 61.288637
0.000597 0.759494 1.000000 0.863309 0.894444 0.841667 61.288637
0.000598 0.759494 1.000000 0.863309 0.894444 0.841667 61.288637
0.000599 0.759494 1.000000 0.863309 0.894444 0.841667 61.288637
0.000600 0.759494 1.000000 0.863309 0.894444 0.841667 61.288637
0.000601 0.759494 1.000000 0.863309 0.894444 0.841667 61.288637
0.000602 0.759494 1.000000 0.863309 0.894444 0.841667 61.288637
0.000603 0.759494 1.000000 0.863309 0.894444 0.841667 61.288637
0.000604 0.759494 1.000000 0.863309 0.894444 0.841667 61.288637
0.000605 0.759494 1.000000 0.863309 0.894444 0.841667 61.288637
0.000606 0.759494 1.000000 0.863309 0.894444 0.841667 61.288637
0.000607 0.759494 1.000000 0.863309 0.894444 0.841667 61.288637
0.000608 0.759494 1.000000 0.863309 0.894444 0.841667 61.288637
0.000609 0.759494 1.000000 0.863309 0.894444 0.841667 61.288637
0.000610 0.759494 1.000000 0.863309 0.894444 0.841667 61.288637
0.000611 0.759494 1.000000 0.863309 0.894444 0.841667 61.288637
0.000612 0.759494 1.000000 0.863309 0.894444 0.841667 61.288637
0.000613 0.759494 1.000000 0.863309 0.894444 0.841667 61.288637
0.000614 0.759494 1.000000 0.863309 0.894444 0.841667 61.288637
0.000615 0.759494 1.000000 0.863309 0.894444 0.841667 61.288637
0.000616 0.759494 1.000000 0.863309 0.894444 0.841667 61.288637
0.000617 0.759494 1.000000 0.863309 0.894444 0.841667 61.288637
0.000618 0.759494 1.000000 0.863309 0.894444 0.841667 61.288637
0.000619 0.759494 1.000000 0.863309 0.894444 0.841667 61.288637
0.000620 0.759494 1.000000 0.863309 0.894444 0.841667 61.288637
0.000621 0.759494 1.000000 0.863309 0.894444 0.841667 61.288637
0.000622 0.759494 1.000000 0.863309 0.894444 0.841667 61.288637
0.000623 0.759494 1.000000 0.863309 0.894444 0.841667 61.288637
0.000624 0.759494 1.000000 0.863309 0.894444 0.841667 61.288637
0.000625 0.759494 1.000000 0.863309 0.894444 0.841667 61.288637
0.000626 0.759494 1.000000 0.863309 0.894444 0.841667 61.288637
0.000627 0.759494 1.000000 0.863309 0.894444 0.841667 61.288637
0.000628 0.759494 1.000000 0.863309 0.894444 0.841667 61.288637
0.000629 0.759494 1.000000 0.863309 0.894444 0.841667 61.288637
0.000630 0.759494 1.000000 0.863309 0.894444 0.841667 61.288637
0.000631 0.759494 1.000000 0.863309 0.894444 0.841667 61.288637
0.000632 0.759494 1.000000 0.863309 0.894444 0.841667 61.288637
0.000633 0.759494 1.000000 0.863309 0.894444 0.841667 61.288637
0.000634 0.759494 1.000000 0.863309 0.894444 0.841667 61.288637
0.000635 0.759494 1.000000 0.863309 0.894444 0.841667 61.288637
0.000636 0.759494 1.000000 0.863309 0.894444 0.841667 61.288637
0.000637 0.759494 1.000000 0.863309 0.894444 0.841667 61.288637
0.000638 0.759494 1.000000 0.863309 0.894444 0.841667 61.288637
0.000639 0.759494 1.000000 0.863309 0.894444 0.841667 61.288637
0.000640 0.759494 1.000000 0.863309 0.894444 0.841667 61.288637
0.000641 0.759494 1.000000 0.863309 0.894444 0.841667 61.288637
0.000642 0.759494 1.000000 0.863309 0.894444 0.841667 61.288637
0.000643 0.759494 1.000000 0.863309 0.894444 0.841667 61.288637
0.000644 0.759494 1.000000 0.863309 0.894444 0.841667 61.288637
0.000645 0.759494 1.000000 0.863309 0.894444 0.841667 61.288637
0.000646 0.759494 1.000000 0.863309 0.894444 0.841667 61.288637
0.000647 0.759494 1.000000 0.863309 0.894444 0.841667 61.288637
0.000648 0.759494 1.000000 0.863309 0.894444 0.841667 61.288637
0.000649 0.759494 1.000000 0.863309 0.894444 0.841667 61.288637
0.000650 0.759494 1.000000 0.863309 0.894444 0.841667 61.288637
0.000651 0.759494 1.000000 0.863309 0.894444 0.841667 61.288637
0.000652 0.759494 1.000000 0.863309 0.894444 0.841667 61.288637
0.000653 0.759494 1.000000 0.863309 0.894444 0.841667 61.288637
0.000654 0.759494 1.000000 0.863309 0.894444 0.841667 61.288637
0.000655 0.759494 1.000000 0.863309 0.894444 0.841667 61.288637
0.000656 0.769231 1.000000 0.869565 0.900000 0.850000 61.288637
0.000657 0.769231 1.000000 0.869565 0.900000 0.850000 61.288637
0.000658 0.769231 1.000000 0.869565 0.900000 0.850000 61.288637
0.000659 0.769231 1.000000 0.869565 0.900000 0.850000 61.288637
0.000660 0.769231 1.000000 0.869565 0.900000 0.850000 61.288637
0.000661 0.779221 1.000000 0.875912 0.905556 0.858333 61.288637
0.000662 0.779221 1.000000 0.875912 0.905556 0.858333 61.288637
0.000663 0.779221 1.000000 0.875912 0.905556 0.858333 61.288637
0.000664 0.779221 1.000000 0.875912 0.905556 0.858333 61.288637
0.000665 0.779221 1.000000 0.875912 0.905556 0.858333 61.288637
0.000666 0.779221 1.000000 0.875912 0.905556 0.858333 61.288637
0.000667 0.779221 1.000000 0.875912 0.905556 0.858333 61.288637
0.000668 0.779221 1.000000 0.875912 0.905556 0.858333 61.288637
0.000669 0.779221 1.000000 0.875912 0.905556 0.858333 61.288637
0.000670 0.779221 1.000000 0.875912 0.905556 0.858333 61.288637
0.000671 0.779221 1.000000 0.875912 0.905556 0.858333 61.288637
0.000672 0.789474 1.000000 0.882352 0.911111 0.866667 61.288637
0.000673 0.789474 1.000000 0.882352 0.911111 0.866667 61.288637
0.000674 0.789474 1.000000 0.882352 0.911111 0.866667 61.288637
0.000675 0.789474 1.000000 0.882352 0.911111 0.866667 61.288637
0.000676 0.800000 1.000000 0.888888 0.916667 0.875000 61.288637
0.000677 0.800000 1.000000 0.888888 0.916667 0.875000 61.288637
0.000678 0.800000 1.000000 0.888888 0.916667 0.875000 61.288637
0.000679 0.800000 1.000000 0.888888 0.916667 0.875000 61.288637
0.000680 0.800000 1.000000 0.888888 0.916667 0.875000 61.288637
0.000681 0.800000 1.000000 0.888888 0.916667 0.875000 61.288637
0.000682 0.800000 1.000000 0.888888 0.916667 0.875000 61.288637
0.000683 0.800000 1.000000 0.888888 0.916667 0.875000 61.288637
0.000684 0.800000 1.000000 0.888888 0.916667 0.875000 61.288637
0.000685 0.800000 1.000000 0.888888 0.916667 0.875000 61.288637
0.000686 0.800000 1.000000 0.888888 0.916667 0.875000 61.288637
0.000687 0.800000 1.000000 0.888888 0.916667 0.875000 61.288637
0.000688 0.800000 1.000000 0.888888 0.916667 0.875000 61.288637
0.000689 0.800000 1.000000 0.888888 0.916667 0.875000 61.288637
0.000690 0.800000 1.000000 0.888888 0.916667 0.875000 61.288637
0.000691 0.800000 1.000000 0.888888 0.916667 0.875000 61.288637
0.000692 0.800000 1.000000 0.888888 0.916667 0.875000 61.288637
0.000693 0.800000 1.000000 0.888888 0.916667 0.875000 61.288637
0.000694 0.800000 1.000000 0.888888 0.916667 0.875000 61.288637
0.000695 0.800000 1.000000 0.888888 0.916667 0.875000 61.288637
0.000696 0.800000 1.000000 0.888888 0.916667 0.875000 61.288637
0.000697 0.800000 1.000000 0.888888 0.916667 0.875000 61.288637
0.000698 0.800000 1.000000 0.888888 0.916667 0.875000 61.288637
0.000699 0.800000 1.000000 0.888888 0.916667 0.875000 61.288637
0.000700 0.800000 1.000000 0.888888 0.916667 0.875000 61.288637
0.000701 0.800000 1.000000 0.888888 0.916667 0.875000 61.288637
0.000702 0.800000 1.000000 0.888888 0.916667 0.875000 61.288637
0.000703 0.800000 1.000000 0.888888 0.916667 0.875000 61.288637
0.000704 0.800000 1.000000 0.888888 0.916667 0.875000 61.288637
0.000705 0.800000 1.000000 0.888888 0.916667 0.875000 61.288637
0.000706 0.800000 1.000000 0.888888 0.916667 0.875000 61.288637
0.000707 0.800000 1.000000 0.888888 0.916667 0.875000 61.288637
0.000708 0.800000 1.000000 0.888888 0.916667 0.875000 61.288637
0.000709 0.800000 1.000000 0.888888 0.916667 0.875000 61.288637
0.000710 0.800000 1.000000 0.888888 0.916667 0.875000 61.288637
0.000711 0.800000 1.000000 0.888888 0.916667 0.875000 61.288637
0.000712 0.800000 1.000000 0.888888 0.916667 0.875000 61.288637
0.000713 0.800000 1.000000 0.888888 0.916667 0.875000 61.288637
0.000714 0.800000 1.000000 0.888888 0.916667 0.875000 61.288637
0.000715 0.800000 1.000000 0.888888 0.916667 0.875000 61.288637
0.000716 0.800000 1.000000 0.888888 0.916667 0.875000 61.288637
0.000717 0.800000 1.000000 0.888888 0.916667 0.875000 61.288637
0.000718 0.800000 1.000000 0.888888 0.916667 0.875000 61.288637
0.000719 0.800000 1.000000 0.888888 0.916667 0.875000 61.288637
0.000720 0.800000 1.000000 0.888888 0.916667 0.875000 61.288637
0.000721 0.800000 1.000000 0.888888 0.916667 0.875000 61.288637
0.000722 0.800000 1.000000 0.888888 0.916667 0.875000 61.288637
0.000723 0.800000 1.000000 0.888888 0.916667 0.875000 61.288637
0.000724 0.800000 1.000000 0.888888 0.916667 0.875000 61.288637
0.000725 0.800000 1.000000 0.888888 0.916667 0.875000 61.288637
0.000726 0.800000 1.000000 0.888888 0.916667 0.875000 61.288637
0.000727 0.800000 1.000000 0.888888 0.916667 0.875000 61.288637
0.000728 0.800000 1.000000 0.888888 0.916667 0.875000 61.288637
0.000729 0.810811 1.000000 0.895522 0.922222 0.883333 61.288637
0.000730 0.821918 1.000000 0.902255 0.927778 0.891667 61.288637
0.000731 0.821918 1.000000 0.902255 0.927778 0.891667 61.288637
0.000732 0.821918 1.000000 0.902255 0.927778 0.891667 61.288637
0.000733 0.821918 1.000000 0.902255 0.927778 0.891667 61.288637
0.000734 0.821918 1.000000 0.902255 0.927778 0.891667 61.288637
0.000735 0.821918 1.000000 0.902255 0.927778 0.891667 61.288637
0.000736 0.821918 1.000000 0.902255 0.927778 0.891667 61.288637
0.000737 0.821918 1.000000 0.902255 0.927778 0.891667 61.288637
0.000738 0.821918 1.000000 0.902255 0.927778 0.891667 61.288637
0.000739 0.821918 1.000000 0.902255 0.927778 0.891667 61.288637
0.000740 0.821918 1.000000 0.902255 0.927778 0.891667 61.288637
0.000741 0.821918 1.000000 0.902255 0.927778 0.891667 61.288637
0.000742 0.821918 1.000000 0.902255 0.927778 0.891667 61.288637
0.000743 0.821918 1.000000 0.902255 0.927778 0.891667 61.288637
0.000744 0.821918 1.000000 0.902255 0.927778 0.891667 61.288637
0.000745 0.833333 1.000000 0.909090 0.933333 0.900000 61.288637
0.000746 0.833333 1.000000 0.909090 0.933333 0.900000 61.288637
0.000747 0.833333 1.000000 0.909090 0.933333 0.900000 61.288637
0.000748 0.833333 1.000000 0.909090 0.933333 0.900000 61.288637
0.000749 0.833333 1.000000 0.909090 0.933333 0.900000 61.288637
0.000750 0.833333 1.000000 0.909090 0.933333 0.900000 61.288637
0.000751 0.833333 1.000000 0.909090 0.933333 0.900000 61.288637
0.000752 0.833333 1.000000 0.909090 0.933333 0.900000 61.288637
0.000753 0.833333 1.000000 0.909090 0.933333 0.900000 61.288637
0.000754 0.833333 1.000000 0.909090 0.933333 0.900000 61.288637
0.000755 0.845070 1.000000 0.916030 0.938889 0.908333 61.288637
0.000756 0.857143 1.000000 0.923076 0.944444 0.916667 61.288637
0.000757 0.857143 1.000000 0.923076 0.944444 0.916667 61.288637
0.000758 0.857143 1.000000 0.923076 0.944444 0.916667 61.288637
0.000759 0.857143 1.000000 0.923076 0.944444 0.916667 61.288637
0.000760 0.857143 1.000000 0.923076 0.944444 0.916667 61.288637
0.000761 0.857143 1.000000 0.923076 0.944444 0.916667 61.288637
0.000762 0.857143 1.000000 0.923076 0.944444 0.916667 61.288637
0.000763 0.857143 1.000000 0.923076 0.944444 0.916667 61.288637
0.000764 0.857143 1.000000 0.923076 0.944444 0.916667 61.288637
0.000765 0.857143 1.000000 0.923076 0.944444 0.916667 61.288637
0.000766 0.857143 1.000000 0.923076 0.944444 0.916667 61.288637
0.000767 0.857143 1.000000 0.923076 0.944444 0.916667 61.288637
0.000768 0.857143 1.000000 0.923076 0.944444 0.916667 61.288637
0.000769 0.857143 1.000000 0.923076 0.944444 0.916667 61.288637
0.000770 0.857143 1.000000 0.923076 0.944444 0.916667 61.288637
0.000771 0.857143 1.000000 0.923076 0.944444 0.916667 61.288637
0.000772 0.857143 1.000000 0.923076 0.944444 0.916667 61.288637
0.000773 0.857143 1.000000 0.923076 0.944444 0.916667 61.288637
0.000774 0.857143 1.000000 0.923076 0.944444 0.916667 61.288637
0.000775 0.857143 1.000000 0.923076 0.944444 0.916667 61.288637
0.000776 0.857143 1.000000 0.923076 0.944444 0.916667 61.288637
0.000777 0.857143 1.000000 0.923076 0.944444 0.916667 61.288637
0.000778 0.857143 1.000000 0.923076 0.944444 0.916667 61.288637
0.000779 0.857143 1.000000 0.923076 0.944444 0.916667 61.288637
0.000780 0.857143 1.000000 0.923076 0.944444 0.916667 61.288637
0.000781 0.857143 1.000000 0.923076 0.944444 0.916667 61.288637
0.000782 0.857143 1.000000 0.923076 0.944444 0.916667 61.288637
0.000783 0.857143 1.000000 0.923076 0.944444 0.916667 61.288637
0.000784 0.857143 1.000000 0.923076 0.944444 0.916667 61.288637
0.000785 0.857143 1.000000 0.923076 0.944444 0.916667 61.288637
0.000786 0.857143 1.000000 0.923076 0.944444 0.916667 61.288637
0.000787 0.857143 1.000000 0.923076 0.944444 0.916667 61.288637
0.000788 0.857143 1.000000 0.923076 0.944444 0.916667 61.288637
0.000789 0.857143 1.000000 0.923076 0.944444 0.916667 61.288637
0.000790 0.857143 1.000000 0.923076 0.944444 0.916667 61.288637
0.000791 0.857143 1.000000 0.923076 0.944444 0.916667 61.288637
0.000792 0.857143 1.000000 0.923076 0.944444 0.916667 61.288637
0.000793 0.857143 1.000000 0.923076 0.944444 0.916667 61.288637
0.000794 0.857143 1.000000 0.923076 0.944444 0.916667 61.288637
0.000795 0.857143 1.000000 0.923076 0.944444 0.916667 61.288637
0.000796 0.857143 1.000000 0.923076 0.944444 0.916667 61.288637
0.000797 0.857143 1.000000 0.923076 0.944444 0.916667 61.288637
0.000798 0.857143 1.000000 0.923076 0.944444 0.916667 61.288637
0.000799 0.857143 1.000000 0.923076 0.944444 0.916667 61.288637
0.000800 0.857143 1.000000 0.923076 0.944444 0.916667 61.288637
0.000801 0.857143 1.000000 0.923076 0.944444 0.916667 61.288637
0.000802 0.857143 1.000000 0.923076 0.944444 0.916667 61.288637
0.000803 0.857143 1.000000 0.923076 0.944444 0.916667 61.288637
0.000804 0.857143 1.000000 0.923076 0.944444 0.916667 61.288637
0.000805 0.857143 1.000000 0.923076 0.944444 0.916667 61.288637
0.000806 0.857143 1.000000 0.923076 0.944444 0.916667 61.288637
0.000807 0.857143 1.000000 0.923076 0.944444 0.916667 61.288637
0.000808 0.857143 1.000000 0.923076 0.944444 0.916667 61.288637
0.000809 0.857143 1.000000 0.923076 0.944444 0.916667 61.288637
0.000810 0.857143 1.000000 0.923076 0.944444 0.916667 61.288637
0.000811 0.857143 1.000000 0.923076 0.944444 0.916667 61.288637
0.000812 0.857143 1.000000 0.923076 0.944444 0.916667 61.288637
0.000813 0.857143 1.000000 0.923076 0.944444 0.916667 61.288637
0.000814 0.857143 1.000000 0.923076 0.944444 0.916667 61.288637
0.000815 0.857143 1.000000 0.923076 0.944444 0.916667 61.288637
0.000816 0.857143 1.000000 0.923076 0.944444 0.916667 61.288637
0.000817 0.857143 1.000000 0.923076 0.944444 0.916667 61.288637
0.000818 0.857143 1.000000 0.923076 0.944444 0.916667 61.288637
0.000819 0.857143 1.000000 0.923076 0.944444 0.916667 61.288637
0.000820 0.857143 1.000000 0.923076 0.944444 0.916667 61.288637
0.000821 0.857143 1.000000 0.923076 0.944444 0.916667 61.288637
0.000822 0.857143 1.000000 0.923076 0.944444 0.916667 61.288637
0.000823 0.857143 1.000000 0.923076 0.944444 0.916667 61.288637
0.000824 0.857143 1.000000 0.923076 0.944444 0.916667 61.288637
0.000825 0.857143 1.000000 0.923076 0.944444 0.916667 61.288637
0.000826 0.857143 1.000000 0.923076 0.944444 0.916667 61.288637
0.000827 0.857143 1.000000 0.923076 0.944444 0.916667 61.288637
0.000828 0.857143 1.000000 0.923076 0.944444 0.916667 61.288637
0.000829 0.857143 1.000000 0.923076 0.944444 0.916667 61.288637
0.000830 0.857143 1.000000 0.923076 0.944444 0.916667 61.288637
0.000831 0.857143 1.000000 0.923076 0.944444 0.916667 61.288637
0.000832 0.857143 1.000000 0.923076 0.944444 0.916667 61.288637
0.000833 0.857143 1.000000 0.923076 0.944444 0.916667 61.288637
0.000834 0.857143 1.000000 0.923076 0.944444 0.916667 61.288637
0.000835 0.857143 1.000000 0.923076 0.944444 0.916667 61.288637
0.000836 0.857143 1.000000 0.923076 0.944444 0.916667 61.288637
0.000837 0.857143 1.000000 0.923076 0.944444 0.916667 61.288637
0.000838 0.857143 1.000000 0.923076 0.944444 0.916667 61.288637
0.000839 0.857143 1.000000 0.923076 0.944444 0.916667 61.288637
0.000840 0.857143 1.000000 0.923076 0.944444 0.916667 61.288637
0.000841 0.857143 1.000000 0.923076 0.944444 0.916667 61.288637
0.000842 0.857143 1.000000 0.923076 0.944444 0.916667 61.288637
0.000843 0.857143 1.000000 0.923076 0.944444 0.916667 61.288637
0.000844 0.857143 1.000000 0.923076 0.944444 0.916667 61.288637
0.000845 0.857143 1.000000 0.923076 0.944444 0.916667 61.288637
0.000846 0.857143 1.000000 0.923076 0.944444 0.916667 61.288637
0.000847 0.857143 1.000000 0.923076 0.944444 0.916667 61.288637
0.000848 0.857143 1.000000 0.923076 0.944444 0.916667 61.288637
0.000849 0.857143 1.000000 0.923076 0.944444 0.916667 61.288637
0.000850 0.857143 1.000000 0.923076 0.944444 0.916667 61.288637
0.000851 0.857143 1.000000 0.923076 0.944444 0.916667 61.288637
0.000852 0.857143 1.000000 0.923076 0.944444 0.916667 61.288637
0.000853 0.857143 1.000000 0.923076 0.944444 0.916667 61.288637
0.000854 0.857143 1.000000 0.923076 0.944444 0.916667 61.288637
0.000855 0.857143 1.000000 0.923076 0.944444 0.916667 61.288637
0.000856 0.857143 1.000000 0.923076 0.944444 0.916667 61.288637
0.000857 0.857143 1.000000 0.923076 0.944444 0.916667 61.288637
0.000858 0.857143 1.000000 0.923076 0.944444 0.916667 61.288637
0.000859 0.857143 1.000000 0.923076 0.944444 0.916667 61.288637
0.000860 0.857143 1.000000 0.923076 0.944444 0.916667 61.288637
0.000861 0.857143 1.000000 0.923076 0.944444 0.916667 61.288637
0.000862 0.857143 1.000000 0.923076 0.944444 0.916667 61.288637
0.000863 0.857143 1.000000 0.923076 0.944444 0.916667 61.288637
0.000864 0.857143 1.000000 0.923076 0.944444 0.916667 61.288637
0.000865 0.857143 1.000000 0.923076 0.944444 0.916667 61.288637
0.000866 0.857143 1.000000 0.923076 0.944444 0.916667 61.288637
0.000867 0.857143 1.000000 0.923076 0.944444 0.916667 61.288637
0.000868 0.857143 1.000000 0.923076 0.944444 0.916667 61.288637
0.000869 0.857143 1.000000 0.923076 0.944444 0.916667 61.288637
0.000870 0.857143 1.000000 0.923076 0.944444 0.916667 61.288637
0.000871 0.857143 1.000000 0.923076 0.944444 0.916667 61.288637
0.000872 0.857143 1.000000 0.923076 0.944444 0.916667 61.288637
0.000873 0.857143 1.000000 0.923076 0.944444 0.916667 61.288637
0.000874 0.857143 1.000000 0.923076 0.944444 0.916667 61.288637
0.000875 0.857143 1.000000 0.923076 0.944444 0.916667 61.288637
0.000876 0.857143 1.000000 0.923076 0.944444 0.916667 61.288637
0.000877 0.857143 1.000000 0.923076 0.944444 0.916667 61.288637
0.000878 0.857143 1.000000 0.923076 0.944444 0.916667 61.288637
0.000879 0.857143 1.000000 0.923076 0.944444 0.916667 61.288637
0.000880 0.857143 1.000000 0.923076 0.944444 0.916667 61.288637
0.000881 0.857143 1.000000 0.923076 0.944444 0.916667 61.288637
0.000882 0.857143 1.000000 0.923076 0.944444 0.916667 61.288637
0.000883 0.857143 1.000000 0.923076 0.944444 0.916667 61.288637
0.000884 0.857143 1.000000 0.923076 0.944444 0.916667 61.288637
0.000885 0.857143 1.000000 0.923076 0.944444 0.916667 61.288637
0.000886 0.857143 1.000000 0.923076 0.944444 0.916667 61.288637
0.000887 0.857143 1.000000 0.923076 0.944444 0.916667 61.288637
0.000888 0.857143 1.000000 0.923076 0.944444 0.916667 61.288637
0.000889 0.857143 1.000000 0.923076 0.944444 0.916667 61.288637
0.000890 0.857143 1.000000 0.923076 0.944444 0.916667 61.288637
0.000891 0.857143 1.000000 0.923076 0.944444 0.916667 61.288637
0.000892 0.857143 1.000000 0.923076 0.944444 0.916667 61.288637
0.000893 0.857143 1.000000 0.923076 0.944444 0.916667 61.288637
0.000894 0.857143 1.000000 0.923076 0.944444 0.916667 61.288637
0.000895 0.857143 1.000000 0.923076 0.944444 0.916667 61.288637
0.000896 0.857143 1.000000 0.923076 0.944444 0.916667 61.288637
0.000897 0.857143 1.000000 0.923076 0.944444 0.916667 61.288637
0.000898 0.857143 1.000000 0.923076 0.944444 0.916667 61.288637
0.000899 0.857143 1.000000 0.923076 0.944444 0.916667 61.288637
0.000900 0.857143 1.000000 0.923076 0.944444 0.916667 61.288637
0.000901 0.857143 1.000000 0.923076 0.944444 0.916667 61.288637
0.000902 0.857143 1.000000 0.923076 0.944444 0.916667 61.288637
0.000903 0.857143 1.000000 0.923076 0.944444 0.916667 61.288637
0.000904 0.857143 1.000000 0.923076 0.944444 0.916667 61.288637
0.000905 0.857143 1.000000 0.923076 0.944444 0.916667 61.288637
0.000906 0.857143 1.000000 0.923076 0.944444 0.916667 61.288637
0.000907 0.857143 1.000000 0.923076 0.944444 0.916667 61.288637
0.000908 0.857143 1.000000 0.923076 0.944444 0.916667 61.288637
0.000909 0.857143 1.000000 0.923076 0.944444 0.916667 61.288637
0.000910 0.857143 1.000000 0.923076 0.944444 0.916667 61.288637
0.000911 0.869565 1.000000 0.930232 0.950000 0.925000 61.288637
0.000912 0.882353 1.000000 0.937500 0.955556 0.933333 61.288637
0.000913 0.895522 1.000000 0.944881 0.961111 0.941667 61.288637
0.000914 0.895522 1.000000 0.944881 0.961111 0.941667 61.288637
0.000915 0.895522 1.000000 0.944881 0.961111 0.941667 61.288637
0.000916 0.909091 1.000000 0.952380 0.966667 0.950000 61.288637
0.000917 0.923077 1.000000 0.959999 0.972222 0.958333 61.288637
0.000918 0.923077 1.000000 0.959999 0.972222 0.958333 61.288637
0.000919 0.923077 1.000000 0.959999 0.972222 0.958333 61.288637
0.000920 0.937500 1.000000 0.967741 0.977778 0.966667 61.288637
0.000921 0.937500 1.000000 0.967741 0.977778 0.966667 61.288637
0.000922 0.937500 1.000000 0.967741 0.977778 0.966667 61.288637
0.000923 0.952381 1.000000 0.975609 0.983333 0.975000 61.288637
0.000924 0.952381 1.000000 0.975609 0.983333 0.975000 61.288637
0.000925 0.952381 1.000000 0.975609 0.983333 0.975000 61.288637
0.000926 0.952381 1.000000 0.975609 0.983333 0.975000 61.288637
0.000927 0.952381 1.000000 0.975609 0.983333 0.975000 61.288637
0.000928 0.952381 1.000000 0.975609 0.983333 0.975000 61.288637
0.000929 0.952381 1.000000 0.975609 0.983333 0.975000 61.288637
0.000930 0.952381 1.000000 0.975609 0.983333 0.975000 61.288637
0.000931 0.952381 1.000000 0.975609 0.983333 0.975000 61.288637
0.000932 0.952381 1.000000 0.975609 0.983333 0.975000 61.288637
0.000933 0.952381 1.000000 0.975609 0.983333 0.975000 61.288637
0.000934 0.952381 1.000000 0.975609 0.983333 0.975000 61.288637
0.000935 0.952381 1.000000 0.975609 0.983333 0.975000 61.288637
0.000936 0.952381 1.000000 0.975609 0.983333 0.975000 61.288637
0.000937 0.952381 1.000000 0.975609 0.983333 0.975000 61.288637
0.000938 0.952381 1.000000 0.975609 0.983333 0.975000 61.288637
0.000939 0.952381 1.000000 0.975609 0.983333 0.975000 61.288637
0.000940 0.952381 1.000000 0.975609 0.983333 0.975000 61.288637
0.000941 0.952381 1.000000 0.975609 0.983333 0.975000 61.288637
0.000942 0.952381 1.000000 0.975609 0.983333 0.975000 61.288637
0.000943 0.952381 1.000000 0.975609 0.983333 0.975000 61.288637
0.000944 0.952381 1.000000 0.975609 0.983333 0.975000 61.288637
0.000945 0.952381 1.000000 0.975609 0.983333 0.975000 61.288637
0.000946 0.952381 1.000000 0.975609 0.983333 0.975000 61.288637
0.000947 0.952381 1.000000 0.975609 0.983333 0.975000 61.288637
0.000948 0.952381 1.000000 0.975609 0.983333 0.975000 61.288637
0.000949 0.952381 1.000000 0.975609 0.983333 0.975000 61.288637
0.000950 0.952381 1.000000 0.975609 0.983333 0.975000 61.288637
0.000951 0.952381 1.000000 0.975609 0.983333 0.975000 61.288637
0.000952 0.952381 1.000000 0.975609 0.983333 0.975000 61.288637
0.000953 0.952381 1.000000 0.975609 0.983333 0.975000 61.288637
0.000954 0.952381 1.000000 0.975609 0.983333 0.975000 61.288637
0.000955 0.952381 1.000000 0.975609 0.983333 0.975000 61.288637
0.000956 0.952381 1.000000 0.975609 0.983333 0.975000 61.288637
0.000957 0.952381 1.000000 0.975609 0.983333 0.975000 61.288637
0.000958 0.952381 1.000000 0.975609 0.983333 0.975000 61.288637
0.000959 0.952381 1.000000 0.975609 0.983333 0.975000 61.288637
0.000960 0.952381 1.000000 0.975609 0.983333 0.975000 61.288637
0.000961 0.952381 1.000000 0.975609 0.983333 0.975000 61.288637
0.000962 0.952381 1.000000 0.975609 0.983333 0.975000 61.288637
0.000963 0.952381 1.000000 0.975609 0.983333 0.975000 61.288637
0.000964 0.952381 1.000000 0.975609 0.983333 0.975000 61.288637
0.000965 0.952381 1.000000 0.975609 0.983333 0.975000 61.288637
0.000966 0.952381 1.000000 0.975609 0.983333 0.975000 61.288637
0.000967 0.967742 1.000000 0.983606 0.988889 0.983333 61.288637
0.000968 0.967742 1.000000 0.983606 0.988889 0.983333 61.288637
0.000969 0.967742 1.000000 0.983606 0.988889 0.983333 61.288637
0.000970 0.967742 1.000000 0.983606 0.988889 0.983333 61.288637
0.000971 0.967742 1.000000 0.983606 0.988889 0.983333 61.288637
0.000972 0.967742 1.000000 0.983606 0.988889 0.983333 61.288637
0.000973 0.967742 1.000000 0.983606 0.988889 0.983333 61.288637
0.000974 0.967742 1.000000 0.983606 0.988889 0.983333 61.288637
0.000975 0.967742 1.000000 0.983606 0.988889 0.983333 61.288637
0.000976 0.967742 1.000000 0.983606 0.988889 0.983333 61.288637
0.000977 0.967742 1.000000 0.983606 0.988889 0.983333 61.288637
0.000978 0.967742 1.000000 0.983606 0.988889 0.983333 61.288637
0.000979 0.967742 1.000000 0.983606 0.988889 0.983333 61.288637
0.000980 0.967742 1.000000 0.983606 0.988889 0.983333 61.288637
0.000981 0.967742 1.000000 0.983606 0.988889 0.983333 61.288637
0.000982 0.967742 1.000000 0.983606 0.988889 0.983333 61.288637
0.000983 0.967742 1.000000 0.983606 0.988889 0.983333 61.288637
0.000984 0.967742 1.000000 0.983606 0.988889 0.983333 61.288637
0.000985 0.967742 1.000000 0.983606 0.988889 0.983333 61.288637
0.000986 0.967742 1.000000 0.983606 0.988889 0.983333 61.288637
0.000987 0.967742 1.000000 0.983606 0.988889 0.983333 61.288637
0.000988 0.967742 1.000000 0.983606 0.988889 0.983333 61.288637
0.000989 0.967742 1.000000 0.983606 0.988889 0.983333 61.288637
0.000990 0.967742 1.000000 0.983606 0.988889 0.983333 61.288637
0.000991 0.967742 1.000000 0.983606 0.988889 0.983333 61.288637
0.000992 0.967742 1.000000 0.983606 0.988889 0.983333 61.288637
0.000993 0.967742 1.000000 0.983606 0.988889 0.983333 61.288637
0.000994 0.967742 1.000000 0.983606 0.988889 0.983333 61.288637
0.000995 0.967742 1.000000 0.983606 0.988889 0.983333 61.288637
0.000996 0.967742 1.000000 0.983606 0.988889 0.983333 61.288637
0.000997 0.967742 1.000000 0.983606 0.988889 0.983333 61.288637
0.000998 0.967742 1.000000 0.983606 0.988889 0.983333 61.288637
0.000999 0.967742 1.000000 0.983606 0.988889 0.983333 61.288637
auc = 0.983333best accuracy = 0.988889, best th = 0.000967, error = 61.288637, angle error = 0.900000