groundTruth detectedClass Score Error
pack_1 bottle_1 1.64518 35.2278 0 0 60 0 0 0
pack_1 bottle_2 1.0682 35.0143 0 0 60 0 0 0
pack_1 bottle_1 1.21968 34 0 0 66 0 0 0
pack_1 bottle_2 1.65034 46.8615 0 0 66 0 0 0
pack_1 bottle_1 1.26051 33.1059 0 0 72 0 0 0
pack_1 bottle_2 1.87436 46.6905 0 0 72 0 0 0
pack_1 bottle_1 0.870767 49.8197 0 0 78 0 0 0
pack_1 bottle_2 1.025 51.0882 0 0 78 0 0 0
pack_1 bottle_1 1.13751 32.0156 0 0 84 0 0 0
pack_1 bottle_2 0.378815 63.5138 0 0 84 0 0 0
pack_1 bottle_1 0.405519 25.5539 0 0 90 0 0 0
pack_1 bottle_2 0.41443 60.208 0 0 90 0 0 0
pack_1 bottle_1 0.425268 37.0135 0 0 96 0 0 0
pack_1 bottle_2 0.390719 62.6418 0 0 96 0 0 0
pack_1 bottle_1 0.414451 44.1022 0 0 102 0 0 0
pack_1 bottle_2 0.335895 83.006 0 0 102 0 0 0
pack_1 bottle_1 0.344045 55.4707 0 0 108 0 0 0
pack_1 bottle_2 0.352541 69.9214 0 0 108 0 0 0
pack_1 bottle_1 0.506573 10.198 0 0 114 0 0 0
pack_1 bottle_2 0.465683 64.6375 0 0 114 0 0 0
pack_1 bottle_1 1.52007 17.4642 0 0 6 0 0 0
pack_1 bottle_2 0.704368 46.6154 0 0 6 0 0 0
pack_1 bottle_1 0.521595 52.2015 0 0 120 0 0 0
pack_1 bottle_2 0.558464 53.7587 0 0 120 0 0 0
pack_1 bottle_1 1.03446 28.2312 0 0 126 0 0 0
pack_1 bottle_2 1.5508 38.1182 0 0 126 0 0 0
pack_1 bottle_1 1.45203 32.5576 0 0 132 0 0 0
pack_1 bottle_2 2.18545 52.6308 0 0 132 0 0 0
pack_1 bottle_1 1.74528 47.1699 0 0 138 0 0 0
pack_1 bottle_2 2.73562 64.6607 0 0 138 0 0 0
pack_1 bottle_1 1.68021 29.1204 0 0 144 0 0 0
pack_1 bottle_2 3.42279 57.28 0 0 144 0 0 0
pack_1 bottle_1 2.05457 41.4367 0 0 150 0 0 0
pack_1 bottle_2 2.94196 55.1725 0 0 150 0 0 0
pack_1 bottle_1 1.83247 29.1204 0 0 156 0 0 0
pack_1 bottle_2 3.51762 52.4976 0 0 156 0 0 0
pack_1 bottle_1 2.06044 36.6879 0 0 162 0 0 0
pack_1 bottle_2 2.73221 51.8556 0 0 162 0 0 0
pack_1 bottle_1 2.04938 31.7805 0 0 168 0 0 0
pack_1 bottle_2 1.21426 34.0147 0 0 168 0 0 0
pack_1 bottle_1 1.4406 22.561 0 0 174 0 0 0
pack_1 bottle_2 1.05443 48.7545 0 0 174 0 0 0
pack_1 bottle_1 1.20842 19 0 0 12 0 0 0
pack_1 bottle_2 0.440667 53.4509 0 0 12 0 0 0
pack_1 bottle_1 1.88189 16 0 0 180 0 0 0
pack_1 bottle_2 1.30855 47.4342 0 0 180 0 0 0
pack_1 bottle_1 1.32264 17.72 0 0 186 0 0 0
pack_1 bottle_2 0.642889 23.0217 0 0 186 0 0 0
pack_1 bottle_1 1.33215 21.0238 0 0 192 0 0 0
pack_1 bottle_2 0.55691 47.8539 0 0 192 0 0 0
pack_1 bottle_1 1.28156 23.3452 0 0 198 0 0 0
pack_1 bottle_2 0.518911 29.8329 0 0 198 0 0 0
pack_1 bottle_1 1.54021 24.1868 0 0 204 0 0 0
pack_1 bottle_2 0.578156 36.8782 0 0 204 0 0 0
pack_1 bottle_1 1.32999 15.6525 0 0 210 0 0 0
pack_1 bottle_2 0.677032 35.2278 0 0 210 0 0 0
pack_1 bottle_1 1.51031 30.4631 0 0 216 0 0 0
pack_1 bottle_2 1.35601 55.6597 0 0 216 0 0 0
pack_1 bottle_1 1.39409 36.0555 0 0 222 0 0 0
pack_1 bottle_2 0.937283 34.176 0 0 222 0 0 0
pack_1 bottle_1 1.85717 40.8167 0 0 228 0 0 0
pack_1 bottle_2 1.04305 59.4643 0 0 228 0 0 0
pack_1 bottle_1 2.13345 42.4853 0 0 234 0 0 0
pack_1 bottle_2 1.51727 52.6308 0 0 234 0 0 0
pack_1 bottle_1 1.09765 16 0 0 18 0 0 0
pack_1 bottle_2 0.492917 69.9214 0 0 18 0 0 0
pack_1 bottle_1 2.14273 43.4626 0 0 240 0 0 0
pack_1 bottle_2 1.61939 49.4065 0 0 240 0 0 0
pack_1 bottle_1 2.44256 43.3244 0 0 246 0 0 0
pack_1 bottle_2 1.54263 47.4342 0 0 246 0 0 0
pack_1 bottle_1 2.32367 43.6807 0 0 252 0 0 0
pack_1 bottle_2 2.09098 49.2037 0 0 252 0 0 0
pack_1 bottle_1 2.7343 41 0 0 258 0 0 0
pack_1 bottle_2 0.444573 27.074 0 0 258 0 0 0
pack_1 bottle_1 2.67726 42.107 0 0 264 0 0 0
pack_1 bottle_2 0.144164 44.7214 0 0 264 0 0 0
pack_1 bottle_1 2.69443 43.0465 0 0 270 0 0 0
pack_1 bottle_2 0.600411 63.8122 0 0 270 0 0 0
pack_1 bottle_1 2.16143 44.0114 0 0 276 0 0 0
pack_1 bottle_2 0.651019 64.6375 0 0 276 0 0 0
pack_1 bottle_1 2.15697 45.7056 0 0 282 0 0 0
pack_1 bottle_2 0.439874 59.0593 0 0 282 0 0 0
pack_1 bottle_1 2.56642 44.5533 0 0 288 0 0 0
pack_1 bottle_2 0.391233 62.2415 0 0 288 0 0 0
pack_1 bottle_1 2.35795 43.7379 0 0 294 0 0 0
pack_1 bottle_2 0.301594 34.1321 0 0 294 0 0 0
pack_1 bottle_1 1.11457 16.1245 0 0 24 0 0 0
pack_1 bottle_2 0.596898 30.8707 0 0 24 0 0 0
pack_1 bottle_1 1.83455 44.1814 0 0 300 0 0 0
pack_1 bottle_2 0.975481 58.7282 0 0 300 0 0 0
pack_1 bottle_1 2.33013 45.0111 0 0 306 0 0 0
pack_1 bottle_2 2.25006 50.9902 0 0 306 0 0 0
pack_1 bottle_1 2.16332 47.2652 0 0 312 0 0 0
pack_1 bottle_2 2.56558 51.6624 0 0 312 0 0 0
pack_1 bottle_1 1.77467 47.5184 0 0 318 0 0 0
pack_1 bottle_2 2.23992 60.1415 0 0 318 0 0 0
pack_1 bottle_1 1.46814 48.1664 0 0 324 0 0 0
pack_1 bottle_2 2.78301 58.6941 0 0 324 0 0 0
pack_1 bottle_1 2.3183 45.0444 0 0 330 0 0 0
pack_1 bottle_2 3.50946 55.1725 0 0 330 0 0 0
pack_1 bottle_1 1.48145 46.0109 0 0 336 0 0 0
pack_1 bottle_2 3.75749 54.5619 0 0 336 0 0 0
pack_1 bottle_1 1.93938 40.0125 0 0 342 0 0 0
pack_1 bottle_2 2.46825 53.7587 0 0 342 0 0 0
pack_1 bottle_1 1.85051 38.833 0 0 348 0 0 0
pack_1 bottle_2 1.71465 50.6063 0 0 348 0 0 0
pack_1 bottle_1 1.61785 27.8568 0 0 354 0 0 0
pack_1 bottle_2 0.939413 37.0135 0 0 354 0 0 0
pack_1 bottle_1 1.0112 26.9072 0 0 30 0 0 0
pack_1 bottle_2 0.845553 29.1548 0 0 30 0 0 0
pack_1 bottle_1 1.21834 22.1359 0 0 360 0 0 0
pack_1 bottle_2 0.881805 58.1378 0 0 360 0 0 0
pack_1 bottle_1 1.11811 38.6005 0 0 36 0 0 0
pack_1 bottle_2 0.71325 49.5177 0 0 36 0 0 0
pack_1 bottle_1 1.3897 36.2353 0 0 42 0 0 0
pack_1 bottle_2 1.02009 36.3456 0 0 42 0 0 0
pack_1 bottle_1 1.32597 39.2046 0 0 48 0 0 0
pack_1 bottle_2 1.24665 47.8017 0 0 48 0 0 0
pack_1 bottle_1 0.963304 44.2945 0 0 54 0 0 0
pack_1 bottle_2 1.43365 46.8615 0 0 54 0 0 0
pack_2 bottle_1 2.31912 27.4591 0 0 60 0 0 0
pack_2 bottle_2 3.74236 13.4164 0 0 60 0 0 0
pack_2 bottle_1 1.66008 30.1496 0 0 66 0 0 0
pack_2 bottle_2 3.44502 13.4536 0 0 66 0 0 0
pack_2 bottle_1 1.81719 2.23607 0 0 72 0 0 0
pack_2 bottle_2 2.35274 12.8062 0 0 72 0 0 0
pack_2 bottle_1 1.91168 6.32456 0 0 78 0 0 0
pack_2 bottle_2 1.29841 7.07107 0 0 78 0 0 0
pack_2 bottle_1 2.13275 10.0499 0 0 84 0 0 0
pack_2 bottle_2 1.86016 7.81025 0 0 84 0 0 0
pack_2 bottle_1 1.67848 13.1529 0 0 90 0 0 0
pack_2 bottle_2 1.31248 50.5964 0 0 90 0 0 0
pack_2 bottle_1 1.32633 5.83095 0 0 96 0 0 0
pack_2 bottle_2 0.661106 12.0416 0 0 96 0 0 0
pack_2 bottle_1 1.35663 6.08276 0 0 102 0 0 0
pack_2 bottle_2 1.66358 49.0102 0 0 102 0 0 0
pack_2 bottle_1 1.70246 15.1327 0 0 108 0 0 0
pack_2 bottle_2 1.30836 55.6597 0 0 108 0 0 0
pack_2 bottle_1 2.14911 12.0416 0 0 114 0 0 0
pack_2 bottle_2 3.96783 25.5539 0 0 114 0 0 0
pack_2 bottle_1 2.02058 20.025 0 0 6 0 0 0
pack_2 bottle_2 5.63987 18.0278 0 0 6 0 0 0
pack_2 bottle_1 2.13134 32.8938 0 0 120 0 0 0
pack_2 bottle_2 4.92659 59.7746 0 0 120 0 0 0
pack_2 bottle_1 3.27665 14.2127 0 0 126 0 0 0
pack_2 bottle_2 8.09285 68.4105 0 0 126 0 0 0
pack_2 bottle_1 4.11562 9.43398 0 0 132 0 0 0
pack_2 bottle_2 8.34472 61.0328 0 0 132 0 0 0
pack_2 bottle_1 5.49729 13.9284 0 0 138 0 0 0
pack_2 bottle_2 8.68521 71.1688 0 0 138 0 0 0
pack_2 bottle_1 6.00368 15.2971 0 0 144 0 0 0
pack_2 bottle_2 5.98444 70.214 0 0 144 0 0 0
pack_2 bottle_1 6.51428 14.1421 0 0 150 0 0 0
pack_2 bottle_2 2.44965 61.0737 0 0 150 0 0 0
pack_2 bottle_1 6.23306 13 0 0 156 0 0 0
pack_2 bottle_2 1.82094 15.0333 0 0 156 0 0 0
pack_2 bottle_1 6.19923 8.06226 0 0 162 0 0 0
pack_2 bottle_2 1.30642 21.095 0 0 162 0 0 0
pack_2 bottle_1 5.19503 13 0 0 168 0 0 0
pack_2 bottle_2 1.64272 9.21954 0 0 168 0 0 0
pack_2 bottle_1 4.28561 14.8661 0 0 174 0 0 0
pack_2 bottle_2 1.13846 75.6439 0 0 174 0 0 0
pack_2 bottle_1 1.8337 23.4094 0 0 12 0 0 0
pack_2 bottle_2 1.62075 30.4138 0 0 12 0 0 0
pack_2 bottle_1 4.22145 16.7631 0 0 180 0 0 0
pack_2 bottle_2 0.84049 4 0 0 180 0 0 0
pack_2 bottle_1 4.46024 16.9706 0 0 186 0 0 0
pack_2 bottle_2 0.735364 37.2022 0 0 186 0 0 0
pack_2 bottle_1 3.93501 26.4008 0 0 192 0 0 0
pack_2 bottle_2 1.02578 41.0366 0 0 192 0 0 0
pack_2 bottle_1 4.18249 25.9422 0 0 198 0 0 0
pack_2 bottle_2 2.78838 38.8973 0 0 198 0 0 0
pack_2 bottle_1 4.59494 22.4722 0 0 204 0 0 0
pack_2 bottle_2 4.29797 24.6982 0 0 204 0 0 0
pack_2 bottle_1 3.98065 22.0227 0 0 210 0 0 0
pack_2 bottle_2 6.23566 22.0227 0 0 210 0 0 0
pack_2 bottle_1 3.61127 35.5106 0 0 216 0 0 0
pack_2 bottle_2 6.88227 18.1108 0 0 216 0 0 0
pack_2 bottle_1 3.27088 29.8329 0 0 222 0 0 0
pack_2 bottle_2 6.6446 19 0 0 222 0 0 0
pack_2 bottle_1 3.28496 34.2053 0 0 228 0 0 0
pack_2 bottle_2 6.78988 16.1245 0 0 228 0 0 0
pack_2 bottle_1 3.03486 26 0 0 234 0 0 0
pack_2 bottle_2 6.2606 14.1421 0 0 234 0 0 0
pack_2 bottle_1 1.9479 44.3847 0 0 18 0 0 0
pack_2 bottle_2 1.08532 31.7648 0 0 18 0 0 0
pack_2 bottle_1 2.63611 31.7805 0 0 240 0 0 0
pack_2 bottle_2 6.04615 11.0454 0 0 240 0 0 0
pack_2 bottle_1 2.73325 30.8058 0 0 246 0 0 0
pack_2 bottle_2 6.85998 9.84886 0 0 246 0 0 0
pack_2 bottle_1 2.06225 29.1204 0 0 252 0 0 0
pack_2 bottle_2 7.33002 7.2111 0 0 252 0 0 0
pack_2 bottle_1 1.8712 23.5372 0 0 258 0 0 0
pack_2 bottle_2 5.89533 4 0 0 258 0 0 0
pack_2 bottle_1 1.85859 27.8568 0 0 264 0 0 0
pack_2 bottle_2 4.49118 14.5602 0 0 264 0 0 0
pack_2 bottle_1 1.77816 10 0 0 270 0 0 0
pack_2 bottle_2 7.63373 37 0 0 270 0 0 0
pack_2 bottle_1 2.19533 12.7279 0 0 276 0 0 0
pack_2 bottle_2 5.51549 38.0526 0 0 276 0 0 0
pack_2 bottle_1 1.96006 16.5529 0 0 282 0 0 0
pack_2 bottle_2 4.59597 37.4833 0 0 282 0 0 0
pack_2 bottle_1 2.45456 17.2047 0 0 288 0 0 0
pack_2 bottle_2 7.37722 41.3038 0 0 288 0 0 0
pack_2 bottle_1 2.21734 7.61577 0 0 294 0 0 0
pack_2 bottle_2 8.01614 43.0116 0 0 294 0 0 0
pack_2 bottle_1 2.2072 18.1108 0 0 24 0 0 0
pack_2 bottle_2 2.12407 16.4012 0 0 24 0 0 0
pack_2 bottle_1 2.20159 10.8167 0 0 300 0 0 0
pack_2 bottle_2 7.20661 43.0116 0 0 300 0 0 0
pack_2 bottle_1 2.69406 36.4005 0 0 306 0 0 0
pack_2 bottle_2 7.03234 41.7612 0 0 306 0 0 0
pack_2 bottle_1 2.76346 35.2278 0 0 312 0 0 0
pack_2 bottle_2 6.74451 41.7732 0 0 312 0 0 0
pack_2 bottle_1 2.94054 33.2866 0 0 318 0 0 0
pack_2 bottle_2 5.27033 41.5933 0 0 318 0 0 0
pack_2 bottle_1 3.32085 19.8494 0 0 324 0 0 0
pack_2 bottle_2 6.11231 40.1123 0 0 324 0 0 0
pack_2 bottle_1 3.81199 24.1868 0 0 330 0 0 0
pack_2 bottle_2 4.78584 39.0128 0 0 330 0 0 0
pack_2 bottle_1 3.34933 10.6301 0 0 336 0 0 0
pack_2 bottle_2 2.05344 22.6716 0 0 336 0 0 0
pack_2 bottle_1 3.42908 13 0 0 342 0 0 0
pack_2 bottle_2 2.16357 22.0227 0 0 342 0 0 0
pack_2 bottle_1 2.18146 14.8661 0 0 348 0 0 0
pack_2 bottle_2 2.30036 22.6274 0 0 348 0 0 0
pack_2 bottle_1 2.35595 22.0227 0 0 354 0 0 0
pack_2 bottle_2 2.17953 26.4008 0 0 354 0 0 0
pack_2 bottle_1 2.20224 27.313 0 0 30 0 0 0
pack_2 bottle_2 4.5861 37.7359 0 0 30 0 0 0
pack_2 bottle_1 2.81755 23.0868 0 0 360 0 0 0
pack_2 bottle_2 2.38408 26.4008 0 0 360 0 0 0
pack_2 bottle_1 2.31134 40.05 0 0 36 0 0 0
pack_2 bottle_2 3.87389 23.6008 0 0 36 0 0 0
pack_2 bottle_1 2.62385 40.1123 0 0 42 0 0 0
pack_2 bottle_2 3.69936 19.2354 0 0 42 0 0 0
pack_2 bottle_1 3.17137 26.4764 0 0 48 0 0 0
pack_2 bottle_2 3.88119 16.1245 0 0 48 0 0 0
pack_2 bottle_1 2.52824 37.8021 0 0 54 0 0 0
pack_2 bottle_2 3.76722 16.4924 0 0 54 0 0 0
bottle_1 bottle_1 89.9164 2.23607 0 0 60 0 0 0
bottle_1 bottle_2 0.228071 79.7621 0 0 60 0 0 0
bottle_1 bottle_1 91.2073 2.23607 0 0 66 0 0 0
bottle_1 bottle_2 0.184446 37.054 0 0 66 0 0 0
bottle_1 bottle_1 89.5036 2.23607 0 0 72 0 0 0
bottle_1 bottle_2 0.197151 59.4138 0 0 72 0 0 0
bottle_1 bottle_1 89.5055 2 0 0 78 0 0 0
bottle_1 bottle_2 0.495584 56.3205 0 0 78 0 0 0
bottle_1 bottle_1 86.2143 2 0 0 84 0 0 0
bottle_1 bottle_2 0.651535 56.1427 0 0 84 0 0 0
bottle_1 bottle_1 90.1071 2 0 0 90 0 0 0
bottle_1 bottle_2 0.216604 20.5183 0 0 90 0 0 0
bottle_1 bottle_1 90.6161 2 0 0 96 0 0 0
bottle_1 bottle_2 0.147394 14.7648 0 0 96 0 0 0
bottle_1 bottle_1 91.679 2 0 0 102 0 0 0
bottle_1 bottle_2 0.210317 29.8329 0 0 102 0 0 0
bottle_1 bottle_1 94.8032 2 0 0 108 0 0 0
bottle_1 bottle_2 0.14404 1 0 0 108 0 0 0
bottle_1 bottle_1 94.2061 2 0 0 114 0 0 0
bottle_1 bottle_2 0.157841 53.2259 0 0 114 0 0 0
bottle_1 bottle_1 81.795 2.82843 0 0 6 0 0 0
bottle_1 bottle_2 0.424892 31.0161 0 0 6 0 0 0
bottle_1 bottle_1 90.9762 2 0 0 120 0 0 0
bottle_1 bottle_2 0.178643 69.2315 0 0 120 0 0 0
bottle_1 bottle_1 89.0772 2 0 0 126 0 0 0
bottle_1 bottle_2 0.191421 80.5047 0 0 126 0 0 0
bottle_1 bottle_1 91.6474 3 0 0 132 0 0 0
bottle_1 bottle_2 0.175454 80.6226 0 0 132 0 0 0
bottle_1 bottle_1 93.4385 3 0 0 138 0 0 0
bottle_1 bottle_2 0.495444 21.9317 0 0 138 0 0 0
bottle_1 bottle_1 92.6487 3 0 0 144 0 0 0
bottle_1 bottle_2 0.660087 78.7718 0 0 144 0 0 0
bottle_1 bottle_1 90.977 3 0 0 150 0 0 0
bottle_1 bottle_2 0.709692 77.8332 0 0 150 0 0 0
bottle_1 bottle_1 91.6927 2.23607 0 0 156 0 0 0
bottle_1 bottle_2 1.28006 75.0267 0 0 156 0 0 0
bottle_1 bottle_1 89.6858 2.23607 0 0 162 0 0 0
bottle_1 bottle_2 1.15687 70.3847 0 0 162 0 0 0
bottle_1 bottle_1 88.77 2.82843 0 0 168 0 0 0
bottle_1 bottle_2 0.668967 71.6938 0 0 168 0 0 0
bottle_1 bottle_1 90.0077 2.82843 0 0 174 0 0 0
bottle_1 bottle_2 0.479512 76.3217 0 0 174 0 0 0
bottle_1 bottle_1 79.0971 2.23607 0 0 12 0 0 0
bottle_1 bottle_2 0.408939 54.5894 0 0 12 0 0 0
bottle_1 bottle_1 90.9056 2.82843 0 0 180 0 0 0
bottle_1 bottle_2 0.802253 68.942 0 0 180 0 0 0
bottle_1 bottle_1 90.5315 2.82843 0 0 186 0 0 0
bottle_1 bottle_2 0.702362 68.542 0 0 186 0 0 0
bottle_1 bottle_1 91.1499 2.82843 0 0 192 0 0 0
bottle_1 bottle_2 0.527386 69.4622 0 0 192 0 0 0
bottle_1 bottle_1 91.5512 2.82843 0 0 198 0 0 0
bottle_1 bottle_2 0.439922 47.3814 0 0 198 0 0 0
bottle_1 bottle_1 88.454 3.60555 0 0 204 0 0 0
bottle_1 bottle_2 0.218128 41.9762 0 0 204 0 0 0
bottle_1 bottle_1 89.4989 3.60555 0 0 210 0 0 0
bottle_1 bottle_2 0.388842 52.0384 0 0 210 0 0 0
bottle_1 bottle_1 87.043 3.60555 0 0 216 0 0 0
bottle_1 bottle_2 0.19777 12.8062 0 0 216 0 0 0
bottle_1 bottle_1 91.5115 3.60555 0 0 222 0 0 0
bottle_1 bottle_2 0.34793 13.1529 0 0 222 0 0 0
bottle_1 bottle_1 92.6303 3.60555 0 0 228 0 0 0
bottle_1 bottle_2 0.41383 24.1868 0 0 228 0 0 0
bottle_1 bottle_1 92.8457 3.60555 0 0 234 0 0 0
bottle_1 bottle_2 0.312241 55.3173 0 0 234 0 0 0
bottle_1 bottle_1 79.7542 2.82843 0 0 18 0 0 0
bottle_1 bottle_2 0.902889 72.0902 0 0 18 0 0 0
bottle_1 bottle_1 95.8593 3.60555 0 0 240 0 0 0
bottle_1 bottle_2 0.184086 65.7647 0 0 240 0 0 0
bottle_1 bottle_1 99.9702 4.47214 0 0 246 0 0 0
bottle_1 bottle_2 0.14854 7.61577 0 0 246 0 0 0
bottle_1 bottle_1 96.8259 4.47214 0 0 252 0 0 0
bottle_1 bottle_2 0.105177 10.2956 0 0 252 0 0 0
bottle_1 bottle_1 98.4953 4.47214 0 0 258 0 0 0
bottle_1 bottle_2 0.108456 10.2956 0 0 258 0 0 0
bottle_1 bottle_1 97.7622 4.47214 0 0 264 0 0 0
bottle_1 bottle_2 0.104364 8.24621 0 0 264 0 0 0
bottle_1 bottle_1 96.9937 4.47214 0 0 270 0 0 0
bottle_1 bottle_2 0.525963 21.095 0 0 270 0 0 0
bottle_1 bottle_1 96.7878 4.47214 0 0 276 0 0 0
bottle_1 bottle_2 0.224588 42.45 0 0 276 0 0 0
bottle_1 bottle_1 99.5402 4.47214 0 0 282 0 0 0
bottle_1 bottle_2 0.256988 43.0116 0 0 282 0 0 0
bottle_1 bottle_1 98.7512 5.83095 0 0 288 0 0 0
bottle_1 bottle_2 0.153858 5.83095 0 0 288 0 0 0
bottle_1 bottle_1 96.8435 5.38516 0 0 294 0 0 0
bottle_1 bottle_2 0.175061 29.2746 0 0 294 0 0 0
bottle_1 bottle_1 78.3908 2.82843 0 0 24 0 0 0
bottle_1 bottle_2 0.382895 31.0161 0 0 24 0 0 0
bottle_1 bottle_1 95.8422 5 0 0 300 0 0 0
bottle_1 bottle_2 0.19967 26.0768 0 0 300 0 0 0
bottle_1 bottle_1 93.5556 4.47214 0 0 306 0 0 0
bottle_1 bottle_2 0.238819 57.0088 0 0 306 0 0 0
bottle_1 bottle_1 93.0659 4.24264 0 0 312 0 0 0
bottle_1 bottle_2 0.564121 28.2843 0 0 312 0 0 0
bottle_1 bottle_1 92.0583 4.24264 0 0 318 0 0 0
bottle_1 bottle_2 0.492981 35.4683 0 0 318 0 0 0
bottle_1 bottle_1 89.7268 3.60555 0 0 324 0 0 0
bottle_1 bottle_2 0.418466 29.0172 0 0 324 0 0 0
bottle_1 bottle_1 88.1925 3.60555 0 0 330 0 0 0
bottle_1 bottle_2 0.736457 18.3576 0 0 330 0 0 0
bottle_1 bottle_1 88.2084 3.60555 0 0 336 0 0 0
bottle_1 bottle_2 0.203339 39.5601 0 0 336 0 0 0
bottle_1 bottle_1 88.1837 2.82843 0 0 342 0 0 0
bottle_1 bottle_2 0.0653568 53.9073 0 0 342 0 0 0
bottle_1 bottle_1 88.495 3.16228 0 0 348 0 0 0
bottle_1 bottle_2 0.206599 22 0 0 348 0 0 0
bottle_1 bottle_1 85.6682 2.23607 0 0 354 0 0 0
bottle_1 bottle_2 1.35781 73.0068 0 0 354 0 0 0
bottle_1 bottle_1 78.0288 2.82843 0 0 30 0 0 0
bottle_1 bottle_2 1.29669 72.6154 0 0 30 0 0 0
bottle_1 bottle_1 87.3501 3.16228 0 0 360 0 0 0
bottle_1 bottle_2 1.60815 72.4983 0 0 360 0 0 0
bottle_1 bottle_1 81.2317 2.23607 0 0 36 0 0 0
bottle_1 bottle_2 0.506185 77.4919 0 0 36 0 0 0
bottle_1 bottle_1 79.1132 2.23607 0 0 42 0 0 0
bottle_1 bottle_2 0.618074 65.1153 0 0 42 0 0 0
bottle_1 bottle_1 82.5646 2.23607 0 0 48 0 0 0
bottle_1 bottle_2 0.201755 83.1986 0 0 48 0 0 0
bottle_1 bottle_1 89.1501 2.23607 0 0 54 0 0 0
bottle_1 bottle_2 0.737327 39.6232 0 0 54 0 0 0
bottle_2 bottle_1 0.498794 40.4475 0 0 60 0 0 0
bottle_2 bottle_2 84.222 2.23607 0 0 60 0 0 0
bottle_2 bottle_1 0.512486 39.0128 0 0 66 0 0 0
bottle_2 bottle_2 79.8228 2.23607 0 0 66 0 0 0
bottle_2 bottle_1 0.338143 10.2956 0 0 72 0 0 0
bottle_2 bottle_2 76.5033 3.16228 0 0 72 0 0 0
bottle_2 bottle_1 0.429434 39.1152 0 0 78 0 0 0
bottle_2 bottle_2 75.9097 3.60555 0 0 78 0 0 0
bottle_2 bottle_1 0.546433 38.1182 0 0 84 0 0 0
bottle_2 bottle_2 81.9808 2.82843 0 0 84 0 0 0
bottle_2 bottle_1 0.289014 41.1947 0 0 90 0 0 0
bottle_2 bottle_2 82.844 3.60555 0 0 90 0 0 0
bottle_2 bottle_1 0.450138 27.2947 0 0 96 0 0 0
bottle_2 bottle_2 83.832 3.60555 0 0 96 0 0 0
bottle_2 bottle_1 0.344254 9.48683 0 0 102 0 0 0
bottle_2 bottle_2 86.813 3.60555 0 0 102 0 0 0
bottle_2 bottle_1 0.377827 6.08276 0 0 108 0 0 0
bottle_2 bottle_2 88.3226 3.60555 0 0 108 0 0 0
bottle_2 bottle_1 0.398119 32.249 0 0 114 0 0 0
bottle_2 bottle_2 86.2395 3.60555 0 0 114 0 0 0
bottle_2 bottle_1 0.7614 22.561 0 0 6 0 0 0
bottle_2 bottle_2 80.0007 2.82843 0 0 6 0 0 0
bottle_2 bottle_1 0.324332 12.0416 0 0 120 0 0 0
bottle_2 bottle_2 85.6963 3.60555 0 0 120 0 0 0
bottle_2 bottle_1 0.412691 12.7279 0 0 126 0 0 0
bottle_2 bottle_2 88.024 4.24264 0 0 126 0 0 0
bottle_2 bottle_1 0.495616 12.0416 0 0 132 0 0 0
bottle_2 bottle_2 88.3034 4.47214 0 0 132 0 0 0
bottle_2 bottle_1 0.420108 64.2806 0 0 138 0 0 0
bottle_2 bottle_2 90.2717 4.24264 0 0 138 0 0 0
bottle_2 bottle_1 0.452885 31.0644 0 0 144 0 0 0
bottle_2 bottle_2 89.8809 4.24264 0 0 144 0 0 0
bottle_2 bottle_1 0.481903 31.0161 0 0 150 0 0 0
bottle_2 bottle_2 87.5829 3.60555 0 0 150 0 0 0
bottle_2 bottle_1 0.388816 29.0689 0 0 156 0 0 0
bottle_2 bottle_2 88.731 3.16228 0 0 156 0 0 0
bottle_2 bottle_1 0.594853 28.2843 0 0 162 0 0 0
bottle_2 bottle_2 85.01 3 0 0 162 0 0 0
bottle_2 bottle_1 0.502035 29.0172 0 0 168 0 0 0
bottle_2 bottle_2 85.6329 3.16228 0 0 168 0 0 0
bottle_2 bottle_1 0.55534 28.0713 0 0 174 0 0 0
bottle_2 bottle_2 87.6739 3.16228 0 0 174 0 0 0
bottle_2 bottle_1 0.685916 8.06226 0 0 12 0 0 0
bottle_2 bottle_2 78.9164 4.47214 0 0 12 0 0 0
bottle_2 bottle_1 0.485694 28.0179 0 0 180 0 0 0
bottle_2 bottle_2 88.9427 3 0 0 180 0 0 0
bottle_2 bottle_1 0.540413 27.2947 0 0 186 0 0 0
bottle_2 bottle_2 86.2222 3.16228 0 0 186 0 0 0
bottle_2 bottle_1 0.674761 28.8617 0 0 192 0 0 0
bottle_2 bottle_2 85.1467 3.16228 0 0 192 0 0 0
bottle_2 bottle_1 0.807257 29.8329 0 0 198 0 0 0
bottle_2 bottle_2 83.6053 3.60555 0 0 198 0 0 0
bottle_2 bottle_1 0.622194 26.4764 0 0 204 0 0 0
bottle_2 bottle_2 78.7366 3.60555 0 0 204 0 0 0
bottle_2 bottle_1 0.616107 29.1204 0 0 210 0 0 0
bottle_2 bottle_2 77.89 3.60555 0 0 210 0 0 0
bottle_2 bottle_1 0.531828 27.8927 0 0 216 0 0 0
bottle_2 bottle_2 84.4594 4.24264 0 0 216 0 0 0
bottle_2 bottle_1 0.578262 29.6142 0 0 222 0 0 0
bottle_2 bottle_2 87.6041 3.60555 0 0 222 0 0 0
bottle_2 bottle_1 0.5098 28.8617 0 0 228 0 0 0
bottle_2 bottle_2 86.7922 5 0 0 228 0 0 0
bottle_2 bottle_1 0.968312 26.6833 0 0 234 0 0 0
bottle_2 bottle_2 86.8239 4.47214 0 0 234 0 0 0
bottle_2 bottle_1 0.790164 41.1947 0 0 18 0 0 0
bottle_2 bottle_2 79.328 4.47214 0 0 18 0 0 0
bottle_2 bottle_1 0.664943 28.1603 0 0 240 0 0 0
bottle_2 bottle_2 84.2128 6.32456 0 0 240 0 0 0
bottle_2 bottle_1 0.537798 29.1204 0 0 246 0 0 0
bottle_2 bottle_2 87.548 6.7082 0 0 246 0 0 0
bottle_2 bottle_1 0.512391 12.6491 0 0 252 0 0 0
bottle_2 bottle_2 88.9421 6.32456 0 0 252 0 0 0
bottle_2 bottle_1 0.665771 13.1529 0 0 258 0 0 0
bottle_2 bottle_2 88.1319 6.7082 0 0 258 0 0 0
bottle_2 bottle_1 0.446254 29.4109 0 0 264 0 0 0
bottle_2 bottle_2 87.5517 7.28011 0 0 264 0 0 0
bottle_2 bottle_1 0.537823 31.6228 0 0 270 0 0 0
bottle_2 bottle_2 90.2274 7.61577 0 0 270 0 0 0
bottle_2 bottle_1 0.611325 32.8938 0 0 276 0 0 0
bottle_2 bottle_2 86.5503 7.28011 0 0 276 0 0 0
bottle_2 bottle_1 0.482619 32.8938 0 0 282 0 0 0
bottle_2 bottle_2 84.9927 8.544 0 0 282 0 0 0
bottle_2 bottle_1 0.534527 35.4683 0 0 288 0 0 0
bottle_2 bottle_2 86.1177 8.24621 0 0 288 0 0 0
bottle_2 bottle_1 0.478429 64.6297 0 0 294 0 0 0
bottle_2 bottle_2 82.8945 8.544 0 0 294 0 0 0
bottle_2 bottle_1 0.475548 40.1123 0 0 24 0 0 0
bottle_2 bottle_2 81.229 3.60555 0 0 24 0 0 0
bottle_2 bottle_1 0.821796 64.4981 0 0 300 0 0 0
bottle_2 bottle_2 84.0182 7.28011 0 0 300 0 0 0
bottle_2 bottle_1 0.690327 34.7851 0 0 306 0 0 0
bottle_2 bottle_2 85.042 6.7082 0 0 306 0 0 0
bottle_2 bottle_1 0.67391 32.9848 0 0 312 0 0 0
bottle_2 bottle_2 87.0855 6.32456 0 0 312 0 0 0
bottle_2 bottle_1 0.532978 31.5753 0 0 318 0 0 0
bottle_2 bottle_2 85.1266 6.7082 0 0 318 0 0 0
bottle_2 bottle_1 0.455749 33.2415 0 0 324 0 0 0
bottle_2 bottle_2 89.9149 6.7082 0 0 324 0 0 0
bottle_2 bottle_1 0.409694 33.7343 0 0 330 0 0 0
bottle_2 bottle_2 83.495 6.32456 0 0 330 0 0 0
bottle_2 bottle_1 0.434677 26.0192 0 0 336 0 0 0
bottle_2 bottle_2 79.435 6.7082 0 0 336 0 0 0
bottle_2 bottle_1 0.464893 20.2237 0 0 342 0 0 0
bottle_2 bottle_2 79.0864 6.32456 0 0 342 0 0 0
bottle_2 bottle_1 0.515504 35.2278 0 0 348 0 0 0
bottle_2 bottle_2 80.2746 5.83095 0 0 348 0 0 0
bottle_2 bottle_1 0.361256 38.0526 0 0 354 0 0 0
bottle_2 bottle_2 78.8277 5 0 0 354 0 0 0
bottle_2 bottle_1 0.473908 28.6356 0 0 30 0 0 0
bottle_2 bottle_2 78.4058 3.60555 0 0 30 0 0 0
bottle_2 bottle_1 0.391097 37.0135 0 0 360 0 0 0
bottle_2 bottle_2 78.3861 4.24264 0 0 360 0 0 0
bottle_2 bottle_1 0.459518 24.3311 0 0 36 0 0 0
bottle_2 bottle_2 81.4357 2.82843 0 0 36 0 0 0
bottle_2 bottle_1 0.331968 9.84886 0 0 42 0 0 0
bottle_2 bottle_2 77.4492 2.23607 0 0 42 0 0 0
bottle_2 bottle_1 0.462799 40.0125 0 0 48 0 0 0
bottle_2 bottle_2 80.0468 2.23607 0 0 48 0 0 0
bottle_2 bottle_1 0.568617 15.2971 0 0 54 0 0 0
bottle_2 bottle_2 81.7922 2.23607 0 0 54 0 0 0
