10 81 3
0 0 -1 246 2 62 -1 -1 -1 -1 -1 0 -84 
1 1 0 0 0 0 0 0 0 0 0 0 0 
2 1 -1 246 4 78 -1 -1 -1 -1 -1 0 1976 
3 2 0 0 0 0 0 0 0 0 0 0 0 
4 2 0 0 0 0 0 0 0 0 0 0 0 
5 2 -1 122 1 63 -1 -1 -1 -1 -1 0 -1 
6 2 -1 187 2 35 -1 -1 -1 -1 -1 0 20 
7 3 0 0 0 0 0 0 0 0 0 0 0 
8 3 0 0 0 0 0 0 0 0 0 0 0 
9 3 0 0 0 0 0 0 0 0 0 0 0 
10 3 0 0 0 0 0 0 0 0 0 0 0 
11 3 -1 135 2 49 -1 -1 -1 -1 -1 0 -21 
12 3 -1 133 3 23 -1 -1 -1 -1 -1 0 -30 
13 3 -1 134 1 29 -1 -1 -1 -1 -1 0 -10 
14 3 -1 172 4 25 -1 -1 -1 -1 -1 0 3044 
15 4 0 0 0 0 0 0 0 0 0 0 0 
16 4 0 0 0 0 0 0 0 0 0 0 0 
17 4 0 0 0 0 0 0 0 0 0 0 0 
18 4 0 0 0 0 0 0 0 0 0 0 0 
19 4 0 0 0 0 0 0 0 0 0 0 0 
20 4 0 0 0 0 0 0 0 0 0 0 0 
21 4 0 0 0 0 0 0 0 0 0 0 0 
22 4 0 0 0 0 0 0 0 0 0 0 0 
23 4 -1 110 4 20 -1 -1 -1 -1 -1 0 1052 
24 4 -1 281 4 51 -1 -1 -1 -1 -1 0 1063 
25 4 46 0 0 0 0 0 0 0 0 0 0 
26 4 -1 204 1 20 -1 -1 -1 -1 -1 0 4 
27 4 59 0 0 0 0 0 0 0 0 0 0 
28 4 -1 235 3 68 -1 -1 -1 -1 -1 0 -1 
29 4 77 0 0 0 0 0 0 0 0 0 0 
30 4 -1 94 0 66 -1 -1 -1 -1 -1 0 -4 
31 5 0 0 0 0 0 0 0 0 0 0 0 
32 5 0 0 0 0 0 0 0 0 0 0 0 
33 5 0 0 0 0 0 0 0 0 0 0 0 
34 5 0 0 0 0 0 0 0 0 0 0 0 
35 5 0 0 0 0 0 0 0 0 0 0 0 
36 5 0 0 0 0 0 0 0 0 0 0 0 
37 5 0 0 0 0 0 0 0 0 0 0 0 
38 5 0 0 0 0 0 0 0 0 0 0 0 
39 5 0 0 0 0 0 0 0 0 0 0 0 
40 5 0 0 0 0 0 0 0 0 0 0 0 
41 5 0 0 0 0 0 0 0 0 0 0 0 
42 5 0 0 0 0 0 0 0 0 0 0 0 
43 5 0 0 0 0 0 0 0 0 0 0 0 
44 5 0 0 0 0 0 0 0 0 0 0 0 
45 5 0 0 0 0 0 0 0 0 0 0 0 
46 5 0 0 0 0 0 0 0 0 0 0 0 
47 5 -1 261 1 77 -1 -1 -1 -1 -1 0 -4 
48 5 -1 307 2 67 -1 -1 -1 -1 -1 0 -104 
49 5 -1 112 1 41 -1 -1 -1 -1 -1 0 1 
50 5 -1 203 2 55 -1 -1 -1 -1 -1 0 -46 
51 5 0 0 0 0 0 0 0 0 0 0 0 
52 5 0 0 0 0 0 0 0 0 0 0 0 
53 5 47 0 0 0 0 0 0 0 0 0 0 
54 5 -1 67 1 24 -1 -1 -1 -1 -1 0 19 
55 5 0 0 0 0 0 0 0 0 0 0 0 
56 5 0 0 0 0 0 0 0 0 0 0 0 
57 5 -1 5 0 69 -1 -1 -1 -1 -1 0 -4 
58 5 -1 234 2 21 -1 -1 -1 -1 -1 0 81 
59 5 0 0 0 0 0 0 0 0 0 0 0 
60 5 0 0 0 0 0 0 0 0 0 0 0 
61 5 78 0 0 0 0 0 0 0 0 0 0 
62 5 -1 214 0 43 -1 -1 -1 -1 -1 0 -9 
63 6 0 0 0 0 0 0 0 0 0 0 0 
64 6 0 0 0 0 0 0 0 0 0 0 0 
65 6 0 0 0 0 0 0 0 0 0 0 0 
66 6 0 0 0 0 0 0 0 0 0 0 0 
67 6 0 0 0 0 0 0 0 0 0 0 0 
68 6 0 0 0 0 0 0 0 0 0 0 0 
69 6 0 0 0 0 0 0 0 0 0 0 0 
70 6 0 0 0 0 0 0 0 0 0 0 0 
71 6 0 0 0 0 0 0 0 0 0 0 0 
72 6 0 0 0 0 0 0 0 0 0 0 0 
73 6 0 0 0 0 0 0 0 0 0 0 0 
74 6 0 0 0 0 0 0 0 0 0 0 0 
75 6 0 0 0 0 0 0 0 0 0 0 0 
76 6 0 0 0 0 0 0 0 0 0 0 0 
77 6 0 0 0 0 0 0 0 0 0 0 0 
78 6 0 0 0 0 0 0 0 0 0 0 0 
79 6 0 0 0 0 0 0 0 0 0 0 0 
80 6 0 0 0 0 0 0 0 0 0 0 0 
81 6 0 0 0 0 0 0 0 0 0 0 0 
82 6 0 0 0 0 0 0 0 0 0 0 0 
83 6 0 0 0 0 0 0 0 0 0 0 0 
84 6 0 0 0 0 0 0 0 0 0 0 0 
85 6 0 0 0 0 0 0 0 0 0 0 0 
86 6 0 0 0 0 0 0 0 0 0 0 0 
87 6 0 0 0 0 0 0 0 0 0 0 0 
88 6 0 0 0 0 0 0 0 0 0 0 0 
89 6 0 0 0 0 0 0 0 0 0 0 0 
90 6 0 0 0 0 0 0 0 0 0 0 0 
91 6 0 0 0 0 0 0 0 0 0 0 0 
92 6 0 0 0 0 0 0 0 0 0 0 0 
93 6 0 0 0 0 0 0 0 0 0 0 0 
94 6 0 0 0 0 0 0 0 0 0 0 0 
95 6 -1 294 4 76 -1 -1 -1 -1 -1 0 297 
96 6 8 0 0 0 0 0 0 0 0 0 0 
97 6 -1 338 3 73 -1 -1 -1 -1 -1 0 -12 
98 6 14 0 0 0 0 0 0 0 0 0 0 
99 6 -1 266 3 42 -1 -1 -1 -1 -1 0 -5 
100 6 -1 55 3 21 -1 -1 -1 -1 -1 0 -22 
101 6 -1 202 2 64 -1 -1 -1 -1 -1 0 -72 
102 6 -1 234 0 53 -1 -1 -1 -1 -1 0 -9 
103 6 0 0 0 0 0 0 0 0 0 0 0 
104 6 0 0 0 0 0 0 0 0 0 0 0 
105 6 0 0 0 0 0 0 0 0 0 0 0 
106 6 0 0 0 0 0 0 0 0 0 0 0 
107 6 0 0 0 0 0 0 0 0 0 0 0 
108 6 0 0 0 0 0 0 0 0 0 0 0 
109 6 -1 96 4 29 -1 -1 -1 -1 -1 0 1080 
110 6 58 0 0 0 0 0 0 0 0 0 0 
111 6 0 0 0 0 0 0 0 0 0 0 0 
112 6 0 0 0 0 0 0 0 0 0 0 0 
113 6 0 0 0 0 0 0 0 0 0 0 0 
114 6 0 0 0 0 0 0 0 0 0 0 0 
115 6 60 0 0 0 0 0 0 0 0 0 0 
116 6 -1 196 4 32 -1 -1 -1 -1 -1 0 1841 
117 6 -1 95 4 36 -1 -1 -1 -1 -1 0 1684 
118 6 76 0 0 0 0 0 0 0 0 0 0 
119 6 0 0 0 0 0 0 0 0 0 0 0 
120 6 0 0 0 0 0 0 0 0 0 0 0 
121 6 0 0 0 0 0 0 0 0 0 0 0 
122 6 0 0 0 0 0 0 0 0 0 0 0 
123 6 0 0 0 0 0 0 0 0 0 0 0 
124 6 0 0 0 0 0 0 0 0 0 0 0 
125 6 79 0 0 0 0 0 0 0 0 0 0 
126 6 80 0 0 0 0 0 0 0 0 0 0 
127 7 0 0 0 0 0 0 0 0 0 0 0 
128 7 0 0 0 0 0 0 0 0 0 0 0 
129 7 0 0 0 0 0 0 0 0 0 0 0 
130 7 0 0 0 0 0 0 0 0 0 0 0 
131 7 0 0 0 0 0 0 0 0 0 0 0 
132 7 0 0 0 0 0 0 0 0 0 0 0 
133 7 0 0 0 0 0 0 0 0 0 0 0 
134 7 0 0 0 0 0 0 0 0 0 0 0 
135 7 0 0 0 0 0 0 0 0 0 0 0 
136 7 0 0 0 0 0 0 0 0 0 0 0 
137 7 0 0 0 0 0 0 0 0 0 0 0 
138 7 0 0 0 0 0 0 0 0 0 0 0 
139 7 0 0 0 0 0 0 0 0 0 0 0 
140 7 0 0 0 0 0 0 0 0 0 0 0 
141 7 0 0 0 0 0 0 0 0 0 0 0 
142 7 0 0 0 0 0 0 0 0 0 0 0 
143 7 0 0 0 0 0 0 0 0 0 0 0 
144 7 0 0 0 0 0 0 0 0 0 0 0 
145 7 0 0 0 0 0 0 0 0 0 0 0 
146 7 0 0 0 0 0 0 0 0 0 0 0 
147 7 0 0 0 0 0 0 0 0 0 0 0 
148 7 0 0 0 0 0 0 0 0 0 0 0 
149 7 0 0 0 0 0 0 0 0 0 0 0 
150 7 0 0 0 0 0 0 0 0 0 0 0 
151 7 0 0 0 0 0 0 0 0 0 0 0 
152 7 0 0 0 0 0 0 0 0 0 0 0 
153 7 0 0 0 0 0 0 0 0 0 0 0 
154 7 0 0 0 0 0 0 0 0 0 0 0 
155 7 0 0 0 0 0 0 0 0 0 0 0 
156 7 0 0 0 0 0 0 0 0 0 0 0 
157 7 0 0 0 0 0 0 0 0 0 0 0 
158 7 0 0 0 0 0 0 0 0 0 0 0 
159 7 0 0 0 0 0 0 0 0 0 0 0 
160 7 0 0 0 0 0 0 0 0 0 0 0 
161 7 0 0 0 0 0 0 0 0 0 0 0 
162 7 0 0 0 0 0 0 0 0 0 0 0 
163 7 0 0 0 0 0 0 0 0 0 0 0 
164 7 0 0 0 0 0 0 0 0 0 0 0 
165 7 0 0 0 0 0 0 0 0 0 0 0 
166 7 0 0 0 0 0 0 0 0 0 0 0 
167 7 0 0 0 0 0 0 0 0 0 0 0 
168 7 0 0 0 0 0 0 0 0 0 0 0 
169 7 0 0 0 0 0 0 0 0 0 0 0 
170 7 0 0 0 0 0 0 0 0 0 0 0 
171 7 0 0 0 0 0 0 0 0 0 0 0 
172 7 0 0 0 0 0 0 0 0 0 0 0 
173 7 0 0 0 0 0 0 0 0 0 0 0 
174 7 0 0 0 0 0 0 0 0 0 0 0 
175 7 0 0 0 0 0 0 0 0 0 0 0 
176 7 0 0 0 0 0 0 0 0 0 0 0 
177 7 0 0 0 0 0 0 0 0 0 0 0 
178 7 0 0 0 0 0 0 0 0 0 0 0 
179 7 0 0 0 0 0 0 0 0 0 0 0 
180 7 0 0 0 0 0 0 0 0 0 0 0 
181 7 0 0 0 0 0 0 0 0 0 0 0 
182 7 0 0 0 0 0 0 0 0 0 0 0 
183 7 0 0 0 0 0 0 0 0 0 0 0 
184 7 0 0 0 0 0 0 0 0 0 0 0 
185 7 0 0 0 0 0 0 0 0 0 0 0 
186 7 0 0 0 0 0 0 0 0 0 0 0 
187 7 0 0 0 0 0 0 0 0 0 0 0 
188 7 0 0 0 0 0 0 0 0 0 0 0 
189 7 0 0 0 0 0 0 0 0 0 0 0 
190 7 0 0 0 0 0 0 0 0 0 0 0 
191 7 -1 59 2 78 -1 -1 -1 -1 -1 0 -155 
192 7 -1 33 3 44 -1 -1 -1 -1 -1 0 -3 
193 7 0 0 0 0 0 0 0 0 0 0 0 
194 7 0 0 0 0 0 0 0 0 0 0 0 
195 7 9 0 0 0 0 0 0 0 0 0 0 
196 7 -1 75 4 67 -1 -1 -1 -1 -1 0 922 
197 7 0 0 0 0 0 0 0 0 0 0 0 
198 7 0 0 0 0 0 0 0 0 0 0 0 
199 7 -1 185 4 29 -1 -1 -1 -1 -1 0 240 
200 7 -1 54 1 47 -1 -1 -1 -1 -1 0 -16 
201 7 -1 320 3 26 -1 -1 -1 -1 -1 0 -29 
202 7 -1 174 3 59 -1 -1 -1 -1 -1 0 0 
203 7 -1 246 2 42 -1 -1 -1 -1 -1 0 -10 
204 7 -1 88 2 26 -1 -1 -1 -1 -1 0 57 
205 7 44 0 0 0 0 0 0 0 0 0 0 
206 7 45 0 0 0 0 0 0 0 0 0 0 
207 7 0 0 0 0 0 0 0 0 0 0 0 
208 7 0 0 0 0 0 0 0 0 0 0 0 
209 7 0 0 0 0 0 0 0 0 0 0 0 
210 7 0 0 0 0 0 0 0 0 0 0 0 
211 7 0 0 0 0 0 0 0 0 0 0 0 
212 7 0 0 0 0 0 0 0 0 0 0 0 
213 7 0 0 0 0 0 0 0 0 0 0 0 
214 7 0 0 0 0 0 0 0 0 0 0 0 
215 7 0 0 0 0 0 0 0 0 0 0 0 
216 7 0 0 0 0 0 0 0 0 0 0 0 
217 7 0 0 0 0 0 0 0 0 0 0 0 
218 7 0 0 0 0 0 0 0 0 0 0 0 
219 7 -1 83 0 32 -1 -1 -1 -1 -1 0 -3 
220 7 -1 62 0 36 -1 -1 -1 -1 -1 0 -16 
221 7 0 0 0 0 0 0 0 0 0 0 0 
222 7 0 0 0 0 0 0 0 0 0 0 0 
223 7 0 0 0 0 0 0 0 0 0 0 0 
224 7 0 0 0 0 0 0 0 0 0 0 0 
225 7 0 0 0 0 0 0 0 0 0 0 0 
226 7 0 0 0 0 0 0 0 0 0 0 0 
227 7 0 0 0 0 0 0 0 0 0 0 0 
228 7 0 0 0 0 0 0 0 0 0 0 0 
229 7 0 0 0 0 0 0 0 0 0 0 0 
230 7 0 0 0 0 0 0 0 0 0 0 0 
231 7 0 0 0 0 0 0 0 0 0 0 0 
232 7 0 0 0 0 0 0 0 0 0 0 0 
233 7 61 0 0 0 0 0 0 0 0 0 0 
234 7 -1 246 0 43 -1 -1 -1 -1 -1 0 -1 
235 7 -1 79 2 61 -1 -1 -1 -1 -1 0 -63 
236 7 -1 150 4 54 -1 -1 -1 -1 -1 0 1869 
237 7 0 0 0 0 0 0 0 0 0 0 0 
238 7 0 0 0 0 0 0 0 0 0 0 0 
239 7 0 0 0 0 0 0 0 0 0 0 0 
240 7 0 0 0 0 0 0 0 0 0 0 0 
241 7 0 0 0 0 0 0 0 0 0 0 0 
242 7 0 0 0 0 0 0 0 0 0 0 0 
243 7 0 0 0 0 0 0 0 0 0 0 0 
244 7 0 0 0 0 0 0 0 0 0 0 0 
245 7 0 0 0 0 0 0 0 0 0 0 0 
246 7 0 0 0 0 0 0 0 0 0 0 0 
247 7 0 0 0 0 0 0 0 0 0 0 0 
248 7 0 0 0 0 0 0 0 0 0 0 0 
249 7 0 0 0 0 0 0 0 0 0 0 0 
250 7 0 0 0 0 0 0 0 0 0 0 0 
251 7 0 0 0 0 0 0 0 0 0 0 0 
252 7 0 0 0 0 0 0 0 0 0 0 0 
253 7 0 0 0 0 0 0 0 0 0 0 0 
254 7 0 0 0 0 0 0 0 0 0 0 0 
255 8 0 0 0 0 0 0 0 0 0 0 0 
256 8 0 0 0 0 0 0 0 0 0 0 0 
257 8 0 0 0 0 0 0 0 0 0 0 0 
258 8 0 0 0 0 0 0 0 0 0 0 0 
259 8 0 0 0 0 0 0 0 0 0 0 0 
260 8 0 0 0 0 0 0 0 0 0 0 0 
261 8 0 0 0 0 0 0 0 0 0 0 0 
262 8 0 0 0 0 0 0 0 0 0 0 0 
263 8 0 0 0 0 0 0 0 0 0 0 0 
264 8 0 0 0 0 0 0 0 0 0 0 0 
265 8 0 0 0 0 0 0 0 0 0 0 0 
266 8 0 0 0 0 0 0 0 0 0 0 0 
267 8 0 0 0 0 0 0 0 0 0 0 0 
268 8 0 0 0 0 0 0 0 0 0 0 0 
269 8 0 0 0 0 0 0 0 0 0 0 0 
270 8 0 0 0 0 0 0 0 0 0 0 0 
271 8 0 0 0 0 0 0 0 0 0 0 0 
272 8 0 0 0 0 0 0 0 0 0 0 0 
273 8 0 0 0 0 0 0 0 0 0 0 0 
274 8 0 0 0 0 0 0 0 0 0 0 0 
275 8 0 0 0 0 0 0 0 0 0 0 0 
276 8 0 0 0 0 0 0 0 0 0 0 0 
277 8 0 0 0 0 0 0 0 0 0 0 0 
278 8 0 0 0 0 0 0 0 0 0 0 0 
279 8 0 0 0 0 0 0 0 0 0 0 0 
280 8 0 0 0 0 0 0 0 0 0 0 0 
281 8 0 0 0 0 0 0 0 0 0 0 0 
282 8 0 0 0 0 0 0 0 0 0 0 0 
283 8 0 0 0 0 0 0 0 0 0 0 0 
284 8 0 0 0 0 0 0 0 0 0 0 0 
285 8 0 0 0 0 0 0 0 0 0 0 0 
286 8 0 0 0 0 0 0 0 0 0 0 0 
287 8 0 0 0 0 0 0 0 0 0 0 0 
288 8 0 0 0 0 0 0 0 0 0 0 0 
289 8 0 0 0 0 0 0 0 0 0 0 0 
290 8 0 0 0 0 0 0 0 0 0 0 0 
291 8 0 0 0 0 0 0 0 0 0 0 0 
292 8 0 0 0 0 0 0 0 0 0 0 0 
293 8 0 0 0 0 0 0 0 0 0 0 0 
294 8 0 0 0 0 0 0 0 0 0 0 0 
295 8 0 0 0 0 0 0 0 0 0 0 0 
296 8 0 0 0 0 0 0 0 0 0 0 0 
297 8 0 0 0 0 0 0 0 0 0 0 0 
298 8 0 0 0 0 0 0 0 0 0 0 0 
299 8 0 0 0 0 0 0 0 0 0 0 0 
300 8 0 0 0 0 0 0 0 0 0 0 0 
301 8 0 0 0 0 0 0 0 0 0 0 0 
302 8 0 0 0 0 0 0 0 0 0 0 0 
303 8 0 0 0 0 0 0 0 0 0 0 0 
304 8 0 0 0 0 0 0 0 0 0 0 0 
305 8 0 0 0 0 0 0 0 0 0 0 0 
306 8 0 0 0 0 0 0 0 0 0 0 0 
307 8 0 0 0 0 0 0 0 0 0 0 0 
308 8 0 0 0 0 0 0 0 0 0 0 0 
309 8 0 0 0 0 0 0 0 0 0 0 0 
310 8 0 0 0 0 0 0 0 0 0 0 0 
311 8 0 0 0 0 0 0 0 0 0 0 0 
312 8 0 0 0 0 0 0 0 0 0 0 0 
313 8 0 0 0 0 0 0 0 0 0 0 0 
314 8 0 0 0 0 0 0 0 0 0 0 0 
315 8 0 0 0 0 0 0 0 0 0 0 0 
316 8 0 0 0 0 0 0 0 0 0 0 0 
317 8 0 0 0 0 0 0 0 0 0 0 0 
318 8 0 0 0 0 0 0 0 0 0 0 0 
319 8 0 0 0 0 0 0 0 0 0 0 0 
320 8 0 0 0 0 0 0 0 0 0 0 0 
321 8 0 0 0 0 0 0 0 0 0 0 0 
322 8 0 0 0 0 0 0 0 0 0 0 0 
323 8 0 0 0 0 0 0 0 0 0 0 0 
324 8 0 0 0 0 0 0 0 0 0 0 0 
325 8 0 0 0 0 0 0 0 0 0 0 0 
326 8 0 0 0 0 0 0 0 0 0 0 0 
327 8 0 0 0 0 0 0 0 0 0 0 0 
328 8 0 0 0 0 0 0 0 0 0 0 0 
329 8 0 0 0 0 0 0 0 0 0 0 0 
330 8 0 0 0 0 0 0 0 0 0 0 0 
331 8 0 0 0 0 0 0 0 0 0 0 0 
332 8 0 0 0 0 0 0 0 0 0 0 0 
333 8 0 0 0 0 0 0 0 0 0 0 0 
334 8 0 0 0 0 0 0 0 0 0 0 0 
335 8 0 0 0 0 0 0 0 0 0 0 0 
336 8 0 0 0 0 0 0 0 0 0 0 0 
337 8 0 0 0 0 0 0 0 0 0 0 0 
338 8 0 0 0 0 0 0 0 0 0 0 0 
339 8 0 0 0 0 0 0 0 0 0 0 0 
340 8 0 0 0 0 0 0 0 0 0 0 0 
341 8 0 0 0 0 0 0 0 0 0 0 0 
342 8 0 0 0 0 0 0 0 0 0 0 0 
343 8 0 0 0 0 0 0 0 0 0 0 0 
344 8 0 0 0 0 0 0 0 0 0 0 0 
345 8 0 0 0 0 0 0 0 0 0 0 0 
346 8 0 0 0 0 0 0 0 0 0 0 0 
347 8 0 0 0 0 0 0 0 0 0 0 0 
348 8 0 0 0 0 0 0 0 0 0 0 0 
349 8 0 0 0 0 0 0 0 0 0 0 0 
350 8 0 0 0 0 0 0 0 0 0 0 0 
351 8 0 0 0 0 0 0 0 0 0 0 0 
352 8 0 0 0 0 0 0 0 0 0 0 0 
353 8 0 0 0 0 0 0 0 0 0 0 0 
354 8 0 0 0 0 0 0 0 0 0 0 0 
355 8 0 0 0 0 0 0 0 0 0 0 0 
356 8 0 0 0 0 0 0 0 0 0 0 0 
357 8 0 0 0 0 0 0 0 0 0 0 0 
358 8 0 0 0 0 0 0 0 0 0 0 0 
359 8 0 0 0 0 0 0 0 0 0 0 0 
360 8 0 0 0 0 0 0 0 0 0 0 0 
361 8 0 0 0 0 0 0 0 0 0 0 0 
362 8 0 0 0 0 0 0 0 0 0 0 0 
363 8 0 0 0 0 0 0 0 0 0 0 0 
364 8 0 0 0 0 0 0 0 0 0 0 0 
365 8 0 0 0 0 0 0 0 0 0 0 0 
366 8 0 0 0 0 0 0 0 0 0 0 0 
367 8 0 0 0 0 0 0 0 0 0 0 0 
368 8 0 0 0 0 0 0 0 0 0 0 0 
369 8 0 0 0 0 0 0 0 0 0 0 0 
370 8 0 0 0 0 0 0 0 0 0 0 0 
371 8 0 0 0 0 0 0 0 0 0 0 0 
372 8 0 0 0 0 0 0 0 0 0 0 0 
373 8 0 0 0 0 0 0 0 0 0 0 0 
374 8 0 0 0 0 0 0 0 0 0 0 0 
375 8 0 0 0 0 0 0 0 0 0 0 0 
376 8 0 0 0 0 0 0 0 0 0 0 0 
377 8 0 0 0 0 0 0 0 0 0 0 0 
378 8 0 0 0 0 0 0 0 0 0 0 0 
379 8 0 0 0 0 0 0 0 0 0 0 0 
380 8 0 0 0 0 0 0 0 0 0 0 0 
381 8 0 0 0 0 0 0 0 0 0 0 0 
382 8 0 0 0 0 0 0 0 0 0 0 0 
383 8 1 0 0 0 0 0 0 0 0 0 0 
384 8 2 0 0 0 0 0 0 0 0 0 0 
385 8 3 0 0 0 0 0 0 0 0 0 0 
386 8 -1 299 2 71 -1 -1 -1 -1 -1 0 -118 
387 8 0 0 0 0 0 0 0 0 0 0 0 
388 8 0 0 0 0 0 0 0 0 0 0 0 
389 8 0 0 0 0 0 0 0 0 0 0 0 
390 8 0 0 0 0 0 0 0 0 0 0 0 
391 8 0 0 0 0 0 0 0 0 0 0 0 
392 8 0 0 0 0 0 0 0 0 0 0 0 
393 8 10 0 0 0 0 0 0 0 0 0 0 
394 8 -1 236 4 30 -1 -1 -1 -1 -1 0 1305 
395 8 0 0 0 0 0 0 0 0 0 0 0 
396 8 0 0 0 0 0 0 0 0 0 0 0 
397 8 0 0 0 0 0 0 0 0 0 0 0 
398 8 0 0 0 0 0 0 0 0 0 0 0 
399 8 -1 100 3 21 -1 -1 -1 -1 -1 0 -23 
400 8 19 0 0 0 0 0 0 0 0 0 0 
401 8 20 0 0 0 0 0 0 0 0 0 0 
402 8 -1 14 3 49 -1 -1 -1 -1 -1 0 -10 
403 8 25 0 0 0 0 0 0 0 0 0 0 
404 8 -1 304 0 60 -1 -1 -1 -1 -1 0 -11 
405 8 -1 148 2 65 -1 -1 -1 -1 -1 0 -73 
406 8 -1 317 1 55 -1 -1 -1 -1 -1 0 5 
407 8 -1 296 0 29 -1 -1 -1 -1 -1 0 -7 
408 8 38 0 0 0 0 0 0 0 0 0 0 
409 8 39 0 0 0 0 0 0 0 0 0 0 
410 8 -1 7 2 79 -1 -1 -1 -1 -1 0 -153 
411 8 0 0 0 0 0 0 0 0 0 0 0 
412 8 0 0 0 0 0 0 0 0 0 0 0 
413 8 0 0 0 0 0 0 0 0 0 0 0 
414 8 0 0 0 0 0 0 0 0 0 0 0 
415 8 0 0 0 0 0 0 0 0 0 0 0 
416 8 0 0 0 0 0 0 0 0 0 0 0 
417 8 0 0 0 0 0 0 0 0 0 0 0 
418 8 0 0 0 0 0 0 0 0 0 0 0 
419 8 0 0 0 0 0 0 0 0 0 0 0 
420 8 0 0 0 0 0 0 0 0 0 0 0 
421 8 0 0 0 0 0 0 0 0 0 0 0 
422 8 0 0 0 0 0 0 0 0 0 0 0 
423 8 0 0 0 0 0 0 0 0 0 0 0 
424 8 0 0 0 0 0 0 0 0 0 0 0 
425 8 0 0 0 0 0 0 0 0 0 0 0 
426 8 0 0 0 0 0 0 0 0 0 0 0 
427 8 0 0 0 0 0 0 0 0 0 0 0 
428 8 0 0 0 0 0 0 0 0 0 0 0 
429 8 0 0 0 0 0 0 0 0 0 0 0 
430 8 0 0 0 0 0 0 0 0 0 0 0 
431 8 0 0 0 0 0 0 0 0 0 0 0 
432 8 0 0 0 0 0 0 0 0 0 0 0 
433 8 0 0 0 0 0 0 0 0 0 0 0 
434 8 0 0 0 0 0 0 0 0 0 0 0 
435 8 0 0 0 0 0 0 0 0 0 0 0 
436 8 0 0 0 0 0 0 0 0 0 0 0 
437 8 0 0 0 0 0 0 0 0 0 0 0 
438 8 0 0 0 0 0 0 0 0 0 0 0 
439 8 -1 47 3 74 -1 -1 -1 -1 -1 0 -23 
440 8 52 0 0 0 0 0 0 0 0 0 0 
441 8 -1 122 3 37 -1 -1 -1 -1 -1 0 1 
442 8 -1 278 2 49 -1 -1 -1 -1 -1 0 -29 
443 8 0 0 0 0 0 0 0 0 0 0 0 
444 8 0 0 0 0 0 0 0 0 0 0 0 
445 8 0 0 0 0 0 0 0 0 0 0 0 
446 8 0 0 0 0 0 0 0 0 0 0 0 
447 8 0 0 0 0 0 0 0 0 0 0 0 
448 8 0 0 0 0 0 0 0 0 0 0 0 
449 8 0 0 0 0 0 0 0 0 0 0 0 
450 8 0 0 0 0 0 0 0 0 0 0 0 
451 8 0 0 0 0 0 0 0 0 0 0 0 
452 8 0 0 0 0 0 0 0 0 0 0 0 
453 8 0 0 0 0 0 0 0 0 0 0 0 
454 8 0 0 0 0 0 0 0 0 0 0 0 
455 8 0 0 0 0 0 0 0 0 0 0 0 
456 8 0 0 0 0 0 0 0 0 0 0 0 
457 8 0 0 0 0 0 0 0 0 0 0 0 
458 8 0 0 0 0 0 0 0 0 0 0 0 
459 8 0 0 0 0 0 0 0 0 0 0 0 
460 8 0 0 0 0 0 0 0 0 0 0 0 
461 8 0 0 0 0 0 0 0 0 0 0 0 
462 8 0 0 0 0 0 0 0 0 0 0 0 
463 8 0 0 0 0 0 0 0 0 0 0 0 
464 8 0 0 0 0 0 0 0 0 0 0 0 
465 8 0 0 0 0 0 0 0 0 0 0 0 
466 8 0 0 0 0 0 0 0 0 0 0 0 
467 8 0 0 0 0 0 0 0 0 0 0 0 
468 8 0 0 0 0 0 0 0 0 0 0 0 
469 8 -1 135 1 20 -1 -1 -1 -1 -1 0 12 
470 8 -1 102 2 20 -1 -1 -1 -1 -1 0 87 
471 8 -1 316 2 52 -1 -1 -1 -1 -1 0 -48 
472 8 71 0 0 0 0 0 0 0 0 0 0 
473 8 72 0 0 0 0 0 0 0 0 0 0 
474 8 -1 275 3 39 -1 -1 -1 -1 -1 0 -6 
475 8 0 0 0 0 0 0 0 0 0 0 0 
476 8 0 0 0 0 0 0 0 0 0 0 0 
477 8 0 0 0 0 0 0 0 0 0 0 0 
478 8 0 0 0 0 0 0 0 0 0 0 0 
479 8 0 0 0 0 0 0 0 0 0 0 0 
480 8 0 0 0 0 0 0 0 0 0 0 0 
481 8 0 0 0 0 0 0 0 0 0 0 0 
482 8 0 0 0 0 0 0 0 0 0 0 0 
483 8 0 0 0 0 0 0 0 0 0 0 0 
484 8 0 0 0 0 0 0 0 0 0 0 0 
485 8 0 0 0 0 0 0 0 0 0 0 0 
486 8 0 0 0 0 0 0 0 0 0 0 0 
487 8 0 0 0 0 0 0 0 0 0 0 0 
488 8 0 0 0 0 0 0 0 0 0 0 0 
489 8 0 0 0 0 0 0 0 0 0 0 0 
490 8 0 0 0 0 0 0 0 0 0 0 0 
491 8 0 0 0 0 0 0 0 0 0 0 0 
492 8 0 0 0 0 0 0 0 0 0 0 0 
493 8 0 0 0 0 0 0 0 0 0 0 0 
494 8 0 0 0 0 0 0 0 0 0 0 0 
495 8 0 0 0 0 0 0 0 0 0 0 0 
496 8 0 0 0 0 0 0 0 0 0 0 0 
497 8 0 0 0 0 0 0 0 0 0 0 0 
498 8 0 0 0 0 0 0 0 0 0 0 0 
499 8 0 0 0 0 0 0 0 0 0 0 0 
500 8 0 0 0 0 0 0 0 0 0 0 0 
501 8 0 0 0 0 0 0 0 0 0 0 0 
502 8 0 0 0 0 0 0 0 0 0 0 0 
503 8 0 0 0 0 0 0 0 0 0 0 0 
504 8 0 0 0 0 0 0 0 0 0 0 0 
505 8 0 0 0 0 0 0 0 0 0 0 0 
506 8 0 0 0 0 0 0 0 0 0 0 0 
507 8 0 0 0 0 0 0 0 0 0 0 0 
508 8 0 0 0 0 0 0 0 0 0 0 0 
509 8 0 0 0 0 0 0 0 0 0 0 0 
510 8 0 0 0 0 0 0 0 0 0 0 0 
511 9 0 0 0 0 0 0 0 0 0 0 0 
512 9 0 0 0 0 0 0 0 0 0 0 0 
513 9 0 0 0 0 0 0 0 0 0 0 0 
514 9 0 0 0 0 0 0 0 0 0 0 0 
515 9 0 0 0 0 0 0 0 0 0 0 0 
516 9 0 0 0 0 0 0 0 0 0 0 0 
517 9 0 0 0 0 0 0 0 0 0 0 0 
518 9 0 0 0 0 0 0 0 0 0 0 0 
519 9 0 0 0 0 0 0 0 0 0 0 0 
520 9 0 0 0 0 0 0 0 0 0 0 0 
521 9 0 0 0 0 0 0 0 0 0 0 0 
522 9 0 0 0 0 0 0 0 0 0 0 0 
523 9 0 0 0 0 0 0 0 0 0 0 0 
524 9 0 0 0 0 0 0 0 0 0 0 0 
525 9 0 0 0 0 0 0 0 0 0 0 0 
526 9 0 0 0 0 0 0 0 0 0 0 0 
527 9 0 0 0 0 0 0 0 0 0 0 0 
528 9 0 0 0 0 0 0 0 0 0 0 0 
529 9 0 0 0 0 0 0 0 0 0 0 0 
530 9 0 0 0 0 0 0 0 0 0 0 0 
531 9 0 0 0 0 0 0 0 0 0 0 0 
532 9 0 0 0 0 0 0 0 0 0 0 0 
533 9 0 0 0 0 0 0 0 0 0 0 0 
534 9 0 0 0 0 0 0 0 0 0 0 0 
535 9 0 0 0 0 0 0 0 0 0 0 0 
536 9 0 0 0 0 0 0 0 0 0 0 0 
537 9 0 0 0 0 0 0 0 0 0 0 0 
538 9 0 0 0 0 0 0 0 0 0 0 0 
539 9 0 0 0 0 0 0 0 0 0 0 0 
540 9 0 0 0 0 0 0 0 0 0 0 0 
541 9 0 0 0 0 0 0 0 0 0 0 0 
542 9 0 0 0 0 0 0 0 0 0 0 0 
543 9 0 0 0 0 0 0 0 0 0 0 0 
544 9 0 0 0 0 0 0 0 0 0 0 0 
545 9 0 0 0 0 0 0 0 0 0 0 0 
546 9 0 0 0 0 0 0 0 0 0 0 0 
547 9 0 0 0 0 0 0 0 0 0 0 0 
548 9 0 0 0 0 0 0 0 0 0 0 0 
549 9 0 0 0 0 0 0 0 0 0 0 0 
550 9 0 0 0 0 0 0 0 0 0 0 0 
551 9 0 0 0 0 0 0 0 0 0 0 0 
552 9 0 0 0 0 0 0 0 0 0 0 0 
553 9 0 0 0 0 0 0 0 0 0 0 0 
554 9 0 0 0 0 0 0 0 0 0 0 0 
555 9 0 0 0 0 0 0 0 0 0 0 0 
556 9 0 0 0 0 0 0 0 0 0 0 0 
557 9 0 0 0 0 0 0 0 0 0 0 0 
558 9 0 0 0 0 0 0 0 0 0 0 0 
559 9 0 0 0 0 0 0 0 0 0 0 0 
560 9 0 0 0 0 0 0 0 0 0 0 0 
561 9 0 0 0 0 0 0 0 0 0 0 0 
562 9 0 0 0 0 0 0 0 0 0 0 0 
563 9 0 0 0 0 0 0 0 0 0 0 0 
564 9 0 0 0 0 0 0 0 0 0 0 0 
565 9 0 0 0 0 0 0 0 0 0 0 0 
566 9 0 0 0 0 0 0 0 0 0 0 0 
567 9 0 0 0 0 0 0 0 0 0 0 0 
568 9 0 0 0 0 0 0 0 0 0 0 0 
569 9 0 0 0 0 0 0 0 0 0 0 0 
570 9 0 0 0 0 0 0 0 0 0 0 0 
571 9 0 0 0 0 0 0 0 0 0 0 0 
572 9 0 0 0 0 0 0 0 0 0 0 0 
573 9 0 0 0 0 0 0 0 0 0 0 0 
574 9 0 0 0 0 0 0 0 0 0 0 0 
575 9 0 0 0 0 0 0 0 0 0 0 0 
576 9 0 0 0 0 0 0 0 0 0 0 0 
577 9 0 0 0 0 0 0 0 0 0 0 0 
578 9 0 0 0 0 0 0 0 0 0 0 0 
579 9 0 0 0 0 0 0 0 0 0 0 0 
580 9 0 0 0 0 0 0 0 0 0 0 0 
581 9 0 0 0 0 0 0 0 0 0 0 0 
582 9 0 0 0 0 0 0 0 0 0 0 0 
583 9 0 0 0 0 0 0 0 0 0 0 0 
584 9 0 0 0 0 0 0 0 0 0 0 0 
585 9 0 0 0 0 0 0 0 0 0 0 0 
586 9 0 0 0 0 0 0 0 0 0 0 0 
587 9 0 0 0 0 0 0 0 0 0 0 0 
588 9 0 0 0 0 0 0 0 0 0 0 0 
589 9 0 0 0 0 0 0 0 0 0 0 0 
590 9 0 0 0 0 0 0 0 0 0 0 0 
591 9 0 0 0 0 0 0 0 0 0 0 0 
592 9 0 0 0 0 0 0 0 0 0 0 0 
593 9 0 0 0 0 0 0 0 0 0 0 0 
594 9 0 0 0 0 0 0 0 0 0 0 0 
595 9 0 0 0 0 0 0 0 0 0 0 0 
596 9 0 0 0 0 0 0 0 0 0 0 0 
597 9 0 0 0 0 0 0 0 0 0 0 0 
598 9 0 0 0 0 0 0 0 0 0 0 0 
599 9 0 0 0 0 0 0 0 0 0 0 0 
600 9 0 0 0 0 0 0 0 0 0 0 0 
601 9 0 0 0 0 0 0 0 0 0 0 0 
602 9 0 0 0 0 0 0 0 0 0 0 0 
603 9 0 0 0 0 0 0 0 0 0 0 0 
604 9 0 0 0 0 0 0 0 0 0 0 0 
605 9 0 0 0 0 0 0 0 0 0 0 0 
606 9 0 0 0 0 0 0 0 0 0 0 0 
607 9 0 0 0 0 0 0 0 0 0 0 0 
608 9 0 0 0 0 0 0 0 0 0 0 0 
609 9 0 0 0 0 0 0 0 0 0 0 0 
610 9 0 0 0 0 0 0 0 0 0 0 0 
611 9 0 0 0 0 0 0 0 0 0 0 0 
612 9 0 0 0 0 0 0 0 0 0 0 0 
613 9 0 0 0 0 0 0 0 0 0 0 0 
614 9 0 0 0 0 0 0 0 0 0 0 0 
615 9 0 0 0 0 0 0 0 0 0 0 0 
616 9 0 0 0 0 0 0 0 0 0 0 0 
617 9 0 0 0 0 0 0 0 0 0 0 0 
618 9 0 0 0 0 0 0 0 0 0 0 0 
619 9 0 0 0 0 0 0 0 0 0 0 0 
620 9 0 0 0 0 0 0 0 0 0 0 0 
621 9 0 0 0 0 0 0 0 0 0 0 0 
622 9 0 0 0 0 0 0 0 0 0 0 0 
623 9 0 0 0 0 0 0 0 0 0 0 0 
624 9 0 0 0 0 0 0 0 0 0 0 0 
625 9 0 0 0 0 0 0 0 0 0 0 0 
626 9 0 0 0 0 0 0 0 0 0 0 0 
627 9 0 0 0 0 0 0 0 0 0 0 0 
628 9 0 0 0 0 0 0 0 0 0 0 0 
629 9 0 0 0 0 0 0 0 0 0 0 0 
630 9 0 0 0 0 0 0 0 0 0 0 0 
631 9 0 0 0 0 0 0 0 0 0 0 0 
632 9 0 0 0 0 0 0 0 0 0 0 0 
633 9 0 0 0 0 0 0 0 0 0 0 0 
634 9 0 0 0 0 0 0 0 0 0 0 0 
635 9 0 0 0 0 0 0 0 0 0 0 0 
636 9 0 0 0 0 0 0 0 0 0 0 0 
637 9 0 0 0 0 0 0 0 0 0 0 0 
638 9 0 0 0 0 0 0 0 0 0 0 0 
639 9 0 0 0 0 0 0 0 0 0 0 0 
640 9 0 0 0 0 0 0 0 0 0 0 0 
641 9 0 0 0 0 0 0 0 0 0 0 0 
642 9 0 0 0 0 0 0 0 0 0 0 0 
643 9 0 0 0 0 0 0 0 0 0 0 0 
644 9 0 0 0 0 0 0 0 0 0 0 0 
645 9 0 0 0 0 0 0 0 0 0 0 0 
646 9 0 0 0 0 0 0 0 0 0 0 0 
647 9 0 0 0 0 0 0 0 0 0 0 0 
648 9 0 0 0 0 0 0 0 0 0 0 0 
649 9 0 0 0 0 0 0 0 0 0 0 0 
650 9 0 0 0 0 0 0 0 0 0 0 0 
651 9 0 0 0 0 0 0 0 0 0 0 0 
652 9 0 0 0 0 0 0 0 0 0 0 0 
653 9 0 0 0 0 0 0 0 0 0 0 0 
654 9 0 0 0 0 0 0 0 0 0 0 0 
655 9 0 0 0 0 0 0 0 0 0 0 0 
656 9 0 0 0 0 0 0 0 0 0 0 0 
657 9 0 0 0 0 0 0 0 0 0 0 0 
658 9 0 0 0 0 0 0 0 0 0 0 0 
659 9 0 0 0 0 0 0 0 0 0 0 0 
660 9 0 0 0 0 0 0 0 0 0 0 0 
661 9 0 0 0 0 0 0 0 0 0 0 0 
662 9 0 0 0 0 0 0 0 0 0 0 0 
663 9 0 0 0 0 0 0 0 0 0 0 0 
664 9 0 0 0 0 0 0 0 0 0 0 0 
665 9 0 0 0 0 0 0 0 0 0 0 0 
666 9 0 0 0 0 0 0 0 0 0 0 0 
667 9 0 0 0 0 0 0 0 0 0 0 0 
668 9 0 0 0 0 0 0 0 0 0 0 0 
669 9 0 0 0 0 0 0 0 0 0 0 0 
670 9 0 0 0 0 0 0 0 0 0 0 0 
671 9 0 0 0 0 0 0 0 0 0 0 0 
672 9 0 0 0 0 0 0 0 0 0 0 0 
673 9 0 0 0 0 0 0 0 0 0 0 0 
674 9 0 0 0 0 0 0 0 0 0 0 0 
675 9 0 0 0 0 0 0 0 0 0 0 0 
676 9 0 0 0 0 0 0 0 0 0 0 0 
677 9 0 0 0 0 0 0 0 0 0 0 0 
678 9 0 0 0 0 0 0 0 0 0 0 0 
679 9 0 0 0 0 0 0 0 0 0 0 0 
680 9 0 0 0 0 0 0 0 0 0 0 0 
681 9 0 0 0 0 0 0 0 0 0 0 0 
682 9 0 0 0 0 0 0 0 0 0 0 0 
683 9 0 0 0 0 0 0 0 0 0 0 0 
684 9 0 0 0 0 0 0 0 0 0 0 0 
685 9 0 0 0 0 0 0 0 0 0 0 0 
686 9 0 0 0 0 0 0 0 0 0 0 0 
687 9 0 0 0 0 0 0 0 0 0 0 0 
688 9 0 0 0 0 0 0 0 0 0 0 0 
689 9 0 0 0 0 0 0 0 0 0 0 0 
690 9 0 0 0 0 0 0 0 0 0 0 0 
691 9 0 0 0 0 0 0 0 0 0 0 0 
692 9 0 0 0 0 0 0 0 0 0 0 0 
693 9 0 0 0 0 0 0 0 0 0 0 0 
694 9 0 0 0 0 0 0 0 0 0 0 0 
695 9 0 0 0 0 0 0 0 0 0 0 0 
696 9 0 0 0 0 0 0 0 0 0 0 0 
697 9 0 0 0 0 0 0 0 0 0 0 0 
698 9 0 0 0 0 0 0 0 0 0 0 0 
699 9 0 0 0 0 0 0 0 0 0 0 0 
700 9 0 0 0 0 0 0 0 0 0 0 0 
701 9 0 0 0 0 0 0 0 0 0 0 0 
702 9 0 0 0 0 0 0 0 0 0 0 0 
703 9 0 0 0 0 0 0 0 0 0 0 0 
704 9 0 0 0 0 0 0 0 0 0 0 0 
705 9 0 0 0 0 0 0 0 0 0 0 0 
706 9 0 0 0 0 0 0 0 0 0 0 0 
707 9 0 0 0 0 0 0 0 0 0 0 0 
708 9 0 0 0 0 0 0 0 0 0 0 0 
709 9 0 0 0 0 0 0 0 0 0 0 0 
710 9 0 0 0 0 0 0 0 0 0 0 0 
711 9 0 0 0 0 0 0 0 0 0 0 0 
712 9 0 0 0 0 0 0 0 0 0 0 0 
713 9 0 0 0 0 0 0 0 0 0 0 0 
714 9 0 0 0 0 0 0 0 0 0 0 0 
715 9 0 0 0 0 0 0 0 0 0 0 0 
716 9 0 0 0 0 0 0 0 0 0 0 0 
717 9 0 0 0 0 0 0 0 0 0 0 0 
718 9 0 0 0 0 0 0 0 0 0 0 0 
719 9 0 0 0 0 0 0 0 0 0 0 0 
720 9 0 0 0 0 0 0 0 0 0 0 0 
721 9 0 0 0 0 0 0 0 0 0 0 0 
722 9 0 0 0 0 0 0 0 0 0 0 0 
723 9 0 0 0 0 0 0 0 0 0 0 0 
724 9 0 0 0 0 0 0 0 0 0 0 0 
725 9 0 0 0 0 0 0 0 0 0 0 0 
726 9 0 0 0 0 0 0 0 0 0 0 0 
727 9 0 0 0 0 0 0 0 0 0 0 0 
728 9 0 0 0 0 0 0 0 0 0 0 0 
729 9 0 0 0 0 0 0 0 0 0 0 0 
730 9 0 0 0 0 0 0 0 0 0 0 0 
731 9 0 0 0 0 0 0 0 0 0 0 0 
732 9 0 0 0 0 0 0 0 0 0 0 0 
733 9 0 0 0 0 0 0 0 0 0 0 0 
734 9 0 0 0 0 0 0 0 0 0 0 0 
735 9 0 0 0 0 0 0 0 0 0 0 0 
736 9 0 0 0 0 0 0 0 0 0 0 0 
737 9 0 0 0 0 0 0 0 0 0 0 0 
738 9 0 0 0 0 0 0 0 0 0 0 0 
739 9 0 0 0 0 0 0 0 0 0 0 0 
740 9 0 0 0 0 0 0 0 0 0 0 0 
741 9 0 0 0 0 0 0 0 0 0 0 0 
742 9 0 0 0 0 0 0 0 0 0 0 0 
743 9 0 0 0 0 0 0 0 0 0 0 0 
744 9 0 0 0 0 0 0 0 0 0 0 0 
745 9 0 0 0 0 0 0 0 0 0 0 0 
746 9 0 0 0 0 0 0 0 0 0 0 0 
747 9 0 0 0 0 0 0 0 0 0 0 0 
748 9 0 0 0 0 0 0 0 0 0 0 0 
749 9 0 0 0 0 0 0 0 0 0 0 0 
750 9 0 0 0 0 0 0 0 0 0 0 0 
751 9 0 0 0 0 0 0 0 0 0 0 0 
752 9 0 0 0 0 0 0 0 0 0 0 0 
753 9 0 0 0 0 0 0 0 0 0 0 0 
754 9 0 0 0 0 0 0 0 0 0 0 0 
755 9 0 0 0 0 0 0 0 0 0 0 0 
756 9 0 0 0 0 0 0 0 0 0 0 0 
757 9 0 0 0 0 0 0 0 0 0 0 0 
758 9 0 0 0 0 0 0 0 0 0 0 0 
759 9 0 0 0 0 0 0 0 0 0 0 0 
760 9 0 0 0 0 0 0 0 0 0 0 0 
761 9 0 0 0 0 0 0 0 0 0 0 0 
762 9 0 0 0 0 0 0 0 0 0 0 0 
763 9 0 0 0 0 0 0 0 0 0 0 0 
764 9 0 0 0 0 0 0 0 0 0 0 0 
765 9 0 0 0 0 0 0 0 0 0 0 0 
766 9 0 0 0 0 0 0 0 0 0 0 0 
767 9 0 0 0 0 0 0 0 0 0 0 0 
768 9 0 0 0 0 0 0 0 0 0 0 0 
769 9 0 0 0 0 0 0 0 0 0 0 0 
770 9 0 0 0 0 0 0 0 0 0 0 0 
771 9 0 0 0 0 0 0 0 0 0 0 0 
772 9 0 0 0 0 0 0 0 0 0 0 0 
773 9 -1 286 2 66 -1 -1 -1 -1 -1 0 -83 
774 9 -1 295 4 77 -1 -1 -1 -1 -1 0 504 
775 9 0 0 0 0 0 0 0 0 0 0 0 
776 9 0 0 0 0 0 0 0 0 0 0 0 
777 9 0 0 0 0 0 0 0 0 0 0 0 
778 9 0 0 0 0 0 0 0 0 0 0 0 
779 9 0 0 0 0 0 0 0 0 0 0 0 
780 9 0 0 0 0 0 0 0 0 0 0 0 
781 9 0 0 0 0 0 0 0 0 0 0 0 
782 9 0 0 0 0 0 0 0 0 0 0 0 
783 9 0 0 0 0 0 0 0 0 0 0 0 
784 9 0 0 0 0 0 0 0 0 0 0 0 
785 9 0 0 0 0 0 0 0 0 0 0 0 
786 9 0 0 0 0 0 0 0 0 0 0 0 
787 9 0 0 0 0 0 0 0 0 0 0 0 
788 9 0 0 0 0 0 0 0 0 0 0 0 
789 9 -1 322 2 76 -1 -1 -1 -1 -1 0 -146 
790 9 13 0 0 0 0 0 0 0 0 0 0 
791 9 0 0 0 0 0 0 0 0 0 0 0 
792 9 0 0 0 0 0 0 0 0 0 0 0 
793 9 0 0 0 0 0 0 0 0 0 0 0 
794 9 0 0 0 0 0 0 0 0 0 0 0 
795 9 0 0 0 0 0 0 0 0 0 0 0 
796 9 0 0 0 0 0 0 0 0 0 0 0 
797 9 0 0 0 0 0 0 0 0 0 0 0 
798 9 0 0 0 0 0 0 0 0 0 0 0 
799 9 -1 350 0 67 -1 -1 -1 -1 -1 0 0 
800 9 -1 350 2 43 -1 -1 -1 -1 -1 0 -3 
801 9 0 0 0 0 0 0 0 0 0 0 0 
802 9 0 0 0 0 0 0 0 0 0 0 0 
803 9 0 0 0 0 0 0 0 0 0 0 0 
804 9 0 0 0 0 0 0 0 0 0 0 0 
805 9 -1 355 4 70 -1 -1 -1 -1 -1 0 349 
806 9 -1 134 1 20 -1 -1 -1 -1 -1 0 5 
807 9 0 0 0 0 0 0 0 0 0 0 0 
808 9 0 0 0 0 0 0 0 0 0 0 0 
809 9 26 0 0 0 0 0 0 0 0 0 0 
810 9 27 0 0 0 0 0 0 0 0 0 0 
811 9 -1 142 0 46 -1 -1 -1 -1 -1 0 -6 
812 9 30 0 0 0 0 0 0 0 0 0 0 
813 9 -1 65 1 24 -1 -1 -1 -1 -1 0 3 
814 9 -1 137 3 53 -1 -1 -1 -1 -1 0 -3 
815 9 35 0 0 0 0 0 0 0 0 0 0 
816 9 -1 292 2 62 -1 -1 -1 -1 -1 0 -69 
817 9 0 0 0 0 0 0 0 0 0 0 0 
818 9 0 0 0 0 0 0 0 0 0 0 0 
819 9 0 0 0 0 0 0 0 0 0 0 0 
820 9 0 0 0 0 0 0 0 0 0 0 0 
821 9 -1 228 4 20 -1 -1 -1 -1 -1 0 1857 
822 9 -1 90 4 21 -1 -1 -1 -1 -1 0 1756 
823 9 0 0 0 0 0 0 0 0 0 0 0 
824 9 0 0 0 0 0 0 0 0 0 0 0 
825 9 0 0 0 0 0 0 0 0 0 0 0 
826 9 0 0 0 0 0 0 0 0 0 0 0 
827 9 0 0 0 0 0 0 0 0 0 0 0 
828 9 0 0 0 0 0 0 0 0 0 0 0 
829 9 0 0 0 0 0 0 0 0 0 0 0 
830 9 0 0 0 0 0 0 0 0 0 0 0 
831 9 0 0 0 0 0 0 0 0 0 0 0 
832 9 0 0 0 0 0 0 0 0 0 0 0 
833 9 0 0 0 0 0 0 0 0 0 0 0 
834 9 0 0 0 0 0 0 0 0 0 0 0 
835 9 0 0 0 0 0 0 0 0 0 0 0 
836 9 0 0 0 0 0 0 0 0 0 0 0 
837 9 0 0 0 0 0 0 0 0 0 0 0 
838 9 0 0 0 0 0 0 0 0 0 0 0 
839 9 0 0 0 0 0 0 0 0 0 0 0 
840 9 0 0 0 0 0 0 0 0 0 0 0 
841 9 0 0 0 0 0 0 0 0 0 0 0 
842 9 0 0 0 0 0 0 0 0 0 0 0 
843 9 0 0 0 0 0 0 0 0 0 0 0 
844 9 0 0 0 0 0 0 0 0 0 0 0 
845 9 0 0 0 0 0 0 0 0 0 0 0 
846 9 0 0 0 0 0 0 0 0 0 0 0 
847 9 0 0 0 0 0 0 0 0 0 0 0 
848 9 0 0 0 0 0 0 0 0 0 0 0 
849 9 0 0 0 0 0 0 0 0 0 0 0 
850 9 0 0 0 0 0 0 0 0 0 0 0 
851 9 0 0 0 0 0 0 0 0 0 0 0 
852 9 0 0 0 0 0 0 0 0 0 0 0 
853 9 0 0 0 0 0 0 0 0 0 0 0 
854 9 0 0 0 0 0 0 0 0 0 0 0 
855 9 0 0 0 0 0 0 0 0 0 0 0 
856 9 0 0 0 0 0 0 0 0 0 0 0 
857 9 0 0 0 0 0 0 0 0 0 0 0 
858 9 0 0 0 0 0 0 0 0 0 0 0 
859 9 0 0 0 0 0 0 0 0 0 0 0 
860 9 0 0 0 0 0 0 0 0 0 0 0 
861 9 0 0 0 0 0 0 0 0 0 0 0 
862 9 0 0 0 0 0 0 0 0 0 0 0 
863 9 0 0 0 0 0 0 0 0 0 0 0 
864 9 0 0 0 0 0 0 0 0 0 0 0 
865 9 0 0 0 0 0 0 0 0 0 0 0 
866 9 0 0 0 0 0 0 0 0 0 0 0 
867 9 0 0 0 0 0 0 0 0 0 0 0 
868 9 0 0 0 0 0 0 0 0 0 0 0 
869 9 0 0 0 0 0 0 0 0 0 0 0 
870 9 0 0 0 0 0 0 0 0 0 0 0 
871 9 0 0 0 0 0 0 0 0 0 0 0 
872 9 0 0 0 0 0 0 0 0 0 0 0 
873 9 0 0 0 0 0 0 0 0 0 0 0 
874 9 0 0 0 0 0 0 0 0 0 0 0 
875 9 0 0 0 0 0 0 0 0 0 0 0 
876 9 0 0 0 0 0 0 0 0 0 0 0 
877 9 0 0 0 0 0 0 0 0 0 0 0 
878 9 0 0 0 0 0 0 0 0 0 0 0 
879 9 -1 271 2 78 -1 -1 -1 -1 -1 0 -63 
880 9 -1 87 2 43 -1 -1 -1 -1 -1 0 -19 
881 9 0 0 0 0 0 0 0 0 0 0 0 
882 9 0 0 0 0 0 0 0 0 0 0 0 
883 9 53 0 0 0 0 0 0 0 0 0 0 
884 9 54 0 0 0 0 0 0 0 0 0 0 
885 9 -1 311 4 60 -1 -1 -1 -1 -1 0 976 
886 9 57 0 0 0 0 0 0 0 0 0 0 
887 9 0 0 0 0 0 0 0 0 0 0 0 
888 9 0 0 0 0 0 0 0 0 0 0 0 
889 9 0 0 0 0 0 0 0 0 0 0 0 
890 9 0 0 0 0 0 0 0 0 0 0 0 
891 9 0 0 0 0 0 0 0 0 0 0 0 
892 9 0 0 0 0 0 0 0 0 0 0 0 
893 9 0 0 0 0 0 0 0 0 0 0 0 
894 9 0 0 0 0 0 0 0 0 0 0 0 
895 9 0 0 0 0 0 0 0 0 0 0 0 
896 9 0 0 0 0 0 0 0 0 0 0 0 
897 9 0 0 0 0 0 0 0 0 0 0 0 
898 9 0 0 0 0 0 0 0 0 0 0 0 
899 9 0 0 0 0 0 0 0 0 0 0 0 
900 9 0 0 0 0 0 0 0 0 0 0 0 
901 9 0 0 0 0 0 0 0 0 0 0 0 
902 9 0 0 0 0 0 0 0 0 0 0 0 
903 9 0 0 0 0 0 0 0 0 0 0 0 
904 9 0 0 0 0 0 0 0 0 0 0 0 
905 9 0 0 0 0 0 0 0 0 0 0 0 
906 9 0 0 0 0 0 0 0 0 0 0 0 
907 9 0 0 0 0 0 0 0 0 0 0 0 
908 9 0 0 0 0 0 0 0 0 0 0 0 
909 9 0 0 0 0 0 0 0 0 0 0 0 
910 9 0 0 0 0 0 0 0 0 0 0 0 
911 9 0 0 0 0 0 0 0 0 0 0 0 
912 9 0 0 0 0 0 0 0 0 0 0 0 
913 9 0 0 0 0 0 0 0 0 0 0 0 
914 9 0 0 0 0 0 0 0 0 0 0 0 
915 9 0 0 0 0 0 0 0 0 0 0 0 
916 9 0 0 0 0 0 0 0 0 0 0 0 
917 9 0 0 0 0 0 0 0 0 0 0 0 
918 9 0 0 0 0 0 0 0 0 0 0 0 
919 9 0 0 0 0 0 0 0 0 0 0 0 
920 9 0 0 0 0 0 0 0 0 0 0 0 
921 9 0 0 0 0 0 0 0 0 0 0 0 
922 9 0 0 0 0 0 0 0 0 0 0 0 
923 9 0 0 0 0 0 0 0 0 0 0 0 
924 9 0 0 0 0 0 0 0 0 0 0 0 
925 9 0 0 0 0 0 0 0 0 0 0 0 
926 9 0 0 0 0 0 0 0 0 0 0 0 
927 9 0 0 0 0 0 0 0 0 0 0 0 
928 9 0 0 0 0 0 0 0 0 0 0 0 
929 9 0 0 0 0 0 0 0 0 0 0 0 
930 9 0 0 0 0 0 0 0 0 0 0 0 
931 9 0 0 0 0 0 0 0 0 0 0 0 
932 9 0 0 0 0 0 0 0 0 0 0 0 
933 9 0 0 0 0 0 0 0 0 0 0 0 
934 9 0 0 0 0 0 0 0 0 0 0 0 
935 9 0 0 0 0 0 0 0 0 0 0 0 
936 9 0 0 0 0 0 0 0 0 0 0 0 
937 9 0 0 0 0 0 0 0 0 0 0 0 
938 9 0 0 0 0 0 0 0 0 0 0 0 
939 9 62 0 0 0 0 0 0 0 0 0 0 
940 9 63 0 0 0 0 0 0 0 0 0 0 
941 9 -1 325 4 50 -1 -1 -1 -1 -1 0 2151 
942 9 -1 281 2 76 -1 -1 -1 -1 -1 0 -144 
943 9 68 0 0 0 0 0 0 0 0 0 0 
944 9 -1 97 4 49 -1 -1 -1 -1 -1 0 1468 
945 9 0 0 0 0 0 0 0 0 0 0 0 
946 9 0 0 0 0 0 0 0 0 0 0 0 
947 9 0 0 0 0 0 0 0 0 0 0 0 
948 9 0 0 0 0 0 0 0 0 0 0 0 
949 9 -1 202 4 59 -1 -1 -1 -1 -1 0 2104 
950 9 75 0 0 0 0 0 0 0 0 0 0 
951 9 0 0 0 0 0 0 0 0 0 0 0 
952 9 0 0 0 0 0 0 0 0 0 0 0 
953 9 0 0 0 0 0 0 0 0 0 0 0 
954 9 0 0 0 0 0 0 0 0 0 0 0 
955 9 0 0 0 0 0 0 0 0 0 0 0 
956 9 0 0 0 0 0 0 0 0 0 0 0 
957 9 0 0 0 0 0 0 0 0 0 0 0 
958 9 0 0 0 0 0 0 0 0 0 0 0 
959 9 0 0 0 0 0 0 0 0 0 0 0 
960 9 0 0 0 0 0 0 0 0 0 0 0 
961 9 0 0 0 0 0 0 0 0 0 0 0 
962 9 0 0 0 0 0 0 0 0 0 0 0 
963 9 0 0 0 0 0 0 0 0 0 0 0 
964 9 0 0 0 0 0 0 0 0 0 0 0 
965 9 0 0 0 0 0 0 0 0 0 0 0 
966 9 0 0 0 0 0 0 0 0 0 0 0 
967 9 0 0 0 0 0 0 0 0 0 0 0 
968 9 0 0 0 0 0 0 0 0 0 0 0 
969 9 0 0 0 0 0 0 0 0 0 0 0 
970 9 0 0 0 0 0 0 0 0 0 0 0 
971 9 0 0 0 0 0 0 0 0 0 0 0 
972 9 0 0 0 0 0 0 0 0 0 0 0 
973 9 0 0 0 0 0 0 0 0 0 0 0 
974 9 0 0 0 0 0 0 0 0 0 0 0 
975 9 0 0 0 0 0 0 0 0 0 0 0 
976 9 0 0 0 0 0 0 0 0 0 0 0 
977 9 0 0 0 0 0 0 0 0 0 0 0 
978 9 0 0 0 0 0 0 0 0 0 0 0 
979 9 0 0 0 0 0 0 0 0 0 0 0 
980 9 0 0 0 0 0 0 0 0 0 0 0 
981 9 0 0 0 0 0 0 0 0 0 0 0 
982 9 0 0 0 0 0 0 0 0 0 0 0 
983 9 0 0 0 0 0 0 0 0 0 0 0 
984 9 0 0 0 0 0 0 0 0 0 0 0 
985 9 0 0 0 0 0 0 0 0 0 0 0 
986 9 0 0 0 0 0 0 0 0 0 0 0 
987 9 0 0 0 0 0 0 0 0 0 0 0 
988 9 0 0 0 0 0 0 0 0 0 0 0 
989 9 0 0 0 0 0 0 0 0 0 0 0 
990 9 0 0 0 0 0 0 0 0 0 0 0 
991 9 0 0 0 0 0 0 0 0 0 0 0 
992 9 0 0 0 0 0 0 0 0 0 0 0 
993 9 0 0 0 0 0 0 0 0 0 0 0 
994 9 0 0 0 0 0 0 0 0 0 0 0 
995 9 0 0 0 0 0 0 0 0 0 0 0 
996 9 0 0 0 0 0 0 0 0 0 0 0 
997 9 0 0 0 0 0 0 0 0 0 0 0 
998 9 0 0 0 0 0 0 0 0 0 0 0 
999 9 0 0 0 0 0 0 0 0 0 0 0 
1000 9 0 0 0 0 0 0 0 0 0 0 0 
1001 9 0 0 0 0 0 0 0 0 0 0 0 
1002 9 0 0 0 0 0 0 0 0 0 0 0 
1003 9 0 0 0 0 0 0 0 0 0 0 0 
1004 9 0 0 0 0 0 0 0 0 0 0 0 
1005 9 0 0 0 0 0 0 0 0 0 0 0 
1006 9 0 0 0 0 0 0 0 0 0 0 0 
1007 9 0 0 0 0 0 0 0 0 0 0 0 
1008 9 0 0 0 0 0 0 0 0 0 0 0 
1009 9 0 0 0 0 0 0 0 0 0 0 0 
1010 9 0 0 0 0 0 0 0 0 0 0 0 
1011 9 0 0 0 0 0 0 0 0 0 0 0 
1012 9 0 0 0 0 0 0 0 0 0 0 0 
1013 9 0 0 0 0 0 0 0 0 0 0 0 
1014 9 0 0 0 0 0 0 0 0 0 0 0 
1015 9 0 0 0 0 0 0 0 0 0 0 0 
1016 9 0 0 0 0 0 0 0 0 0 0 0 
1017 9 0 0 0 0 0 0 0 0 0 0 0 
1018 9 0 0 0 0 0 0 0 0 0 0 0 
1019 9 0 0 0 0 0 0 0 0 0 0 0 
1020 9 0 0 0 0 0 0 0 0 0 0 0 
1021 9 0 0 0 0 0 0 0 0 0 0 0 
1022 9 0 0 0 0 0 0 0 0 0 0 0 
1023 10 0 0 0 0 0 0 0 0 0 0 0 
1024 10 0 0 0 0 0 0 0 0 0 0 0 
1025 10 0 0 0 0 0 0 0 0 0 0 0 
1026 10 0 0 0 0 0 0 0 0 0 0 0 
1027 10 0 0 0 0 0 0 0 0 0 0 0 
1028 10 0 0 0 0 0 0 0 0 0 0 0 
1029 10 0 0 0 0 0 0 0 0 0 0 0 
1030 10 0 0 0 0 0 0 0 0 0 0 0 
1031 10 0 0 0 0 0 0 0 0 0 0 0 
1032 10 0 0 0 0 0 0 0 0 0 0 0 
1033 10 0 0 0 0 0 0 0 0 0 0 0 
1034 10 0 0 0 0 0 0 0 0 0 0 0 
1035 10 0 0 0 0 0 0 0 0 0 0 0 
1036 10 0 0 0 0 0 0 0 0 0 0 0 
1037 10 0 0 0 0 0 0 0 0 0 0 0 
1038 10 0 0 0 0 0 0 0 0 0 0 0 
1039 10 0 0 0 0 0 0 0 0 0 0 0 
1040 10 0 0 0 0 0 0 0 0 0 0 0 
1041 10 0 0 0 0 0 0 0 0 0 0 0 
1042 10 0 0 0 0 0 0 0 0 0 0 0 
1043 10 0 0 0 0 0 0 0 0 0 0 0 
1044 10 0 0 0 0 0 0 0 0 0 0 0 
1045 10 0 0 0 0 0 0 0 0 0 0 0 
1046 10 0 0 0 0 0 0 0 0 0 0 0 
1047 10 0 0 0 0 0 0 0 0 0 0 0 
1048 10 0 0 0 0 0 0 0 0 0 0 0 
1049 10 0 0 0 0 0 0 0 0 0 0 0 
1050 10 0 0 0 0 0 0 0 0 0 0 0 
1051 10 0 0 0 0 0 0 0 0 0 0 0 
1052 10 0 0 0 0 0 0 0 0 0 0 0 
1053 10 0 0 0 0 0 0 0 0 0 0 0 
1054 10 0 0 0 0 0 0 0 0 0 0 0 
1055 10 0 0 0 0 0 0 0 0 0 0 0 
1056 10 0 0 0 0 0 0 0 0 0 0 0 
1057 10 0 0 0 0 0 0 0 0 0 0 0 
1058 10 0 0 0 0 0 0 0 0 0 0 0 
1059 10 0 0 0 0 0 0 0 0 0 0 0 
1060 10 0 0 0 0 0 0 0 0 0 0 0 
1061 10 0 0 0 0 0 0 0 0 0 0 0 
1062 10 0 0 0 0 0 0 0 0 0 0 0 
1063 10 0 0 0 0 0 0 0 0 0 0 0 
1064 10 0 0 0 0 0 0 0 0 0 0 0 
1065 10 0 0 0 0 0 0 0 0 0 0 0 
1066 10 0 0 0 0 0 0 0 0 0 0 0 
1067 10 0 0 0 0 0 0 0 0 0 0 0 
1068 10 0 0 0 0 0 0 0 0 0 0 0 
1069 10 0 0 0 0 0 0 0 0 0 0 0 
1070 10 0 0 0 0 0 0 0 0 0 0 0 
1071 10 0 0 0 0 0 0 0 0 0 0 0 
1072 10 0 0 0 0 0 0 0 0 0 0 0 
1073 10 0 0 0 0 0 0 0 0 0 0 0 
1074 10 0 0 0 0 0 0 0 0 0 0 0 
1075 10 0 0 0 0 0 0 0 0 0 0 0 
1076 10 0 0 0 0 0 0 0 0 0 0 0 
1077 10 0 0 0 0 0 0 0 0 0 0 0 
1078 10 0 0 0 0 0 0 0 0 0 0 0 
1079 10 0 0 0 0 0 0 0 0 0 0 0 
1080 10 0 0 0 0 0 0 0 0 0 0 0 
1081 10 0 0 0 0 0 0 0 0 0 0 0 
1082 10 0 0 0 0 0 0 0 0 0 0 0 
1083 10 0 0 0 0 0 0 0 0 0 0 0 
1084 10 0 0 0 0 0 0 0 0 0 0 0 
1085 10 0 0 0 0 0 0 0 0 0 0 0 
1086 10 0 0 0 0 0 0 0 0 0 0 0 
1087 10 0 0 0 0 0 0 0 0 0 0 0 
1088 10 0 0 0 0 0 0 0 0 0 0 0 
1089 10 0 0 0 0 0 0 0 0 0 0 0 
1090 10 0 0 0 0 0 0 0 0 0 0 0 
1091 10 0 0 0 0 0 0 0 0 0 0 0 
1092 10 0 0 0 0 0 0 0 0 0 0 0 
1093 10 0 0 0 0 0 0 0 0 0 0 0 
1094 10 0 0 0 0 0 0 0 0 0 0 0 
1095 10 0 0 0 0 0 0 0 0 0 0 0 
1096 10 0 0 0 0 0 0 0 0 0 0 0 
1097 10 0 0 0 0 0 0 0 0 0 0 0 
1098 10 0 0 0 0 0 0 0 0 0 0 0 
1099 10 0 0 0 0 0 0 0 0 0 0 0 
1100 10 0 0 0 0 0 0 0 0 0 0 0 
1101 10 0 0 0 0 0 0 0 0 0 0 0 
1102 10 0 0 0 0 0 0 0 0 0 0 0 
1103 10 0 0 0 0 0 0 0 0 0 0 0 
1104 10 0 0 0 0 0 0 0 0 0 0 0 
1105 10 0 0 0 0 0 0 0 0 0 0 0 
1106 10 0 0 0 0 0 0 0 0 0 0 0 
1107 10 0 0 0 0 0 0 0 0 0 0 0 
1108 10 0 0 0 0 0 0 0 0 0 0 0 
1109 10 0 0 0 0 0 0 0 0 0 0 0 
1110 10 0 0 0 0 0 0 0 0 0 0 0 
1111 10 0 0 0 0 0 0 0 0 0 0 0 
1112 10 0 0 0 0 0 0 0 0 0 0 0 
1113 10 0 0 0 0 0 0 0 0 0 0 0 
1114 10 0 0 0 0 0 0 0 0 0 0 0 
1115 10 0 0 0 0 0 0 0 0 0 0 0 
1116 10 0 0 0 0 0 0 0 0 0 0 0 
1117 10 0 0 0 0 0 0 0 0 0 0 0 
1118 10 0 0 0 0 0 0 0 0 0 0 0 
1119 10 0 0 0 0 0 0 0 0 0 0 0 
1120 10 0 0 0 0 0 0 0 0 0 0 0 
1121 10 0 0 0 0 0 0 0 0 0 0 0 
1122 10 0 0 0 0 0 0 0 0 0 0 0 
1123 10 0 0 0 0 0 0 0 0 0 0 0 
1124 10 0 0 0 0 0 0 0 0 0 0 0 
1125 10 0 0 0 0 0 0 0 0 0 0 0 
1126 10 0 0 0 0 0 0 0 0 0 0 0 
1127 10 0 0 0 0 0 0 0 0 0 0 0 
1128 10 0 0 0 0 0 0 0 0 0 0 0 
1129 10 0 0 0 0 0 0 0 0 0 0 0 
1130 10 0 0 0 0 0 0 0 0 0 0 0 
1131 10 0 0 0 0 0 0 0 0 0 0 0 
1132 10 0 0 0 0 0 0 0 0 0 0 0 
1133 10 0 0 0 0 0 0 0 0 0 0 0 
1134 10 0 0 0 0 0 0 0 0 0 0 0 
1135 10 0 0 0 0 0 0 0 0 0 0 0 
1136 10 0 0 0 0 0 0 0 0 0 0 0 
1137 10 0 0 0 0 0 0 0 0 0 0 0 
1138 10 0 0 0 0 0 0 0 0 0 0 0 
1139 10 0 0 0 0 0 0 0 0 0 0 0 
1140 10 0 0 0 0 0 0 0 0 0 0 0 
1141 10 0 0 0 0 0 0 0 0 0 0 0 
1142 10 0 0 0 0 0 0 0 0 0 0 0 
1143 10 0 0 0 0 0 0 0 0 0 0 0 
1144 10 0 0 0 0 0 0 0 0 0 0 0 
1145 10 0 0 0 0 0 0 0 0 0 0 0 
1146 10 0 0 0 0 0 0 0 0 0 0 0 
1147 10 0 0 0 0 0 0 0 0 0 0 0 
1148 10 0 0 0 0 0 0 0 0 0 0 0 
1149 10 0 0 0 0 0 0 0 0 0 0 0 
1150 10 0 0 0 0 0 0 0 0 0 0 0 
1151 10 0 0 0 0 0 0 0 0 0 0 0 
1152 10 0 0 0 0 0 0 0 0 0 0 0 
1153 10 0 0 0 0 0 0 0 0 0 0 0 
1154 10 0 0 0 0 0 0 0 0 0 0 0 
1155 10 0 0 0 0 0 0 0 0 0 0 0 
1156 10 0 0 0 0 0 0 0 0 0 0 0 
1157 10 0 0 0 0 0 0 0 0 0 0 0 
1158 10 0 0 0 0 0 0 0 0 0 0 0 
1159 10 0 0 0 0 0 0 0 0 0 0 0 
1160 10 0 0 0 0 0 0 0 0 0 0 0 
1161 10 0 0 0 0 0 0 0 0 0 0 0 
1162 10 0 0 0 0 0 0 0 0 0 0 0 
1163 10 0 0 0 0 0 0 0 0 0 0 0 
1164 10 0 0 0 0 0 0 0 0 0 0 0 
1165 10 0 0 0 0 0 0 0 0 0 0 0 
1166 10 0 0 0 0 0 0 0 0 0 0 0 
1167 10 0 0 0 0 0 0 0 0 0 0 0 
1168 10 0 0 0 0 0 0 0 0 0 0 0 
1169 10 0 0 0 0 0 0 0 0 0 0 0 
1170 10 0 0 0 0 0 0 0 0 0 0 0 
1171 10 0 0 0 0 0 0 0 0 0 0 0 
1172 10 0 0 0 0 0 0 0 0 0 0 0 
1173 10 0 0 0 0 0 0 0 0 0 0 0 
1174 10 0 0 0 0 0 0 0 0 0 0 0 
1175 10 0 0 0 0 0 0 0 0 0 0 0 
1176 10 0 0 0 0 0 0 0 0 0 0 0 
1177 10 0 0 0 0 0 0 0 0 0 0 0 
1178 10 0 0 0 0 0 0 0 0 0 0 0 
1179 10 0 0 0 0 0 0 0 0 0 0 0 
1180 10 0 0 0 0 0 0 0 0 0 0 0 
1181 10 0 0 0 0 0 0 0 0 0 0 0 
1182 10 0 0 0 0 0 0 0 0 0 0 0 
1183 10 0 0 0 0 0 0 0 0 0 0 0 
1184 10 0 0 0 0 0 0 0 0 0 0 0 
1185 10 0 0 0 0 0 0 0 0 0 0 0 
1186 10 0 0 0 0 0 0 0 0 0 0 0 
1187 10 0 0 0 0 0 0 0 0 0 0 0 
1188 10 0 0 0 0 0 0 0 0 0 0 0 
1189 10 0 0 0 0 0 0 0 0 0 0 0 
1190 10 0 0 0 0 0 0 0 0 0 0 0 
1191 10 0 0 0 0 0 0 0 0 0 0 0 
1192 10 0 0 0 0 0 0 0 0 0 0 0 
1193 10 0 0 0 0 0 0 0 0 0 0 0 
1194 10 0 0 0 0 0 0 0 0 0 0 0 
1195 10 0 0 0 0 0 0 0 0 0 0 0 
1196 10 0 0 0 0 0 0 0 0 0 0 0 
1197 10 0 0 0 0 0 0 0 0 0 0 0 
1198 10 0 0 0 0 0 0 0 0 0 0 0 
1199 10 0 0 0 0 0 0 0 0 0 0 0 
1200 10 0 0 0 0 0 0 0 0 0 0 0 
1201 10 0 0 0 0 0 0 0 0 0 0 0 
1202 10 0 0 0 0 0 0 0 0 0 0 0 
1203 10 0 0 0 0 0 0 0 0 0 0 0 
1204 10 0 0 0 0 0 0 0 0 0 0 0 
1205 10 0 0 0 0 0 0 0 0 0 0 0 
1206 10 0 0 0 0 0 0 0 0 0 0 0 
1207 10 0 0 0 0 0 0 0 0 0 0 0 
1208 10 0 0 0 0 0 0 0 0 0 0 0 
1209 10 0 0 0 0 0 0 0 0 0 0 0 
1210 10 0 0 0 0 0 0 0 0 0 0 0 
1211 10 0 0 0 0 0 0 0 0 0 0 0 
1212 10 0 0 0 0 0 0 0 0 0 0 0 
1213 10 0 0 0 0 0 0 0 0 0 0 0 
1214 10 0 0 0 0 0 0 0 0 0 0 0 
1215 10 0 0 0 0 0 0 0 0 0 0 0 
1216 10 0 0 0 0 0 0 0 0 0 0 0 
1217 10 0 0 0 0 0 0 0 0 0 0 0 
1218 10 0 0 0 0 0 0 0 0 0 0 0 
1219 10 0 0 0 0 0 0 0 0 0 0 0 
1220 10 0 0 0 0 0 0 0 0 0 0 0 
1221 10 0 0 0 0 0 0 0 0 0 0 0 
1222 10 0 0 0 0 0 0 0 0 0 0 0 
1223 10 0 0 0 0 0 0 0 0 0 0 0 
1224 10 0 0 0 0 0 0 0 0 0 0 0 
1225 10 0 0 0 0 0 0 0 0 0 0 0 
1226 10 0 0 0 0 0 0 0 0 0 0 0 
1227 10 0 0 0 0 0 0 0 0 0 0 0 
1228 10 0 0 0 0 0 0 0 0 0 0 0 
1229 10 0 0 0 0 0 0 0 0 0 0 0 
1230 10 0 0 0 0 0 0 0 0 0 0 0 
1231 10 0 0 0 0 0 0 0 0 0 0 0 
1232 10 0 0 0 0 0 0 0 0 0 0 0 
1233 10 0 0 0 0 0 0 0 0 0 0 0 
1234 10 0 0 0 0 0 0 0 0 0 0 0 
1235 10 0 0 0 0 0 0 0 0 0 0 0 
1236 10 0 0 0 0 0 0 0 0 0 0 0 
1237 10 0 0 0 0 0 0 0 0 0 0 0 
1238 10 0 0 0 0 0 0 0 0 0 0 0 
1239 10 0 0 0 0 0 0 0 0 0 0 0 
1240 10 0 0 0 0 0 0 0 0 0 0 0 
1241 10 0 0 0 0 0 0 0 0 0 0 0 
1242 10 0 0 0 0 0 0 0 0 0 0 0 
1243 10 0 0 0 0 0 0 0 0 0 0 0 
1244 10 0 0 0 0 0 0 0 0 0 0 0 
1245 10 0 0 0 0 0 0 0 0 0 0 0 
1246 10 0 0 0 0 0 0 0 0 0 0 0 
1247 10 0 0 0 0 0 0 0 0 0 0 0 
1248 10 0 0 0 0 0 0 0 0 0 0 0 
1249 10 0 0 0 0 0 0 0 0 0 0 0 
1250 10 0 0 0 0 0 0 0 0 0 0 0 
1251 10 0 0 0 0 0 0 0 0 0 0 0 
1252 10 0 0 0 0 0 0 0 0 0 0 0 
1253 10 0 0 0 0 0 0 0 0 0 0 0 
1254 10 0 0 0 0 0 0 0 0 0 0 0 
1255 10 0 0 0 0 0 0 0 0 0 0 0 
1256 10 0 0 0 0 0 0 0 0 0 0 0 
1257 10 0 0 0 0 0 0 0 0 0 0 0 
1258 10 0 0 0 0 0 0 0 0 0 0 0 
1259 10 0 0 0 0 0 0 0 0 0 0 0 
1260 10 0 0 0 0 0 0 0 0 0 0 0 
1261 10 0 0 0 0 0 0 0 0 0 0 0 
1262 10 0 0 0 0 0 0 0 0 0 0 0 
1263 10 0 0 0 0 0 0 0 0 0 0 0 
1264 10 0 0 0 0 0 0 0 0 0 0 0 
1265 10 0 0 0 0 0 0 0 0 0 0 0 
1266 10 0 0 0 0 0 0 0 0 0 0 0 
1267 10 0 0 0 0 0 0 0 0 0 0 0 
1268 10 0 0 0 0 0 0 0 0 0 0 0 
1269 10 0 0 0 0 0 0 0 0 0 0 0 
1270 10 0 0 0 0 0 0 0 0 0 0 0 
1271 10 0 0 0 0 0 0 0 0 0 0 0 
1272 10 0 0 0 0 0 0 0 0 0 0 0 
1273 10 0 0 0 0 0 0 0 0 0 0 0 
1274 10 0 0 0 0 0 0 0 0 0 0 0 
1275 10 0 0 0 0 0 0 0 0 0 0 0 
1276 10 0 0 0 0 0 0 0 0 0 0 0 
1277 10 0 0 0 0 0 0 0 0 0 0 0 
1278 10 0 0 0 0 0 0 0 0 0 0 0 
1279 10 0 0 0 0 0 0 0 0 0 0 0 
1280 10 0 0 0 0 0 0 0 0 0 0 0 
1281 10 0 0 0 0 0 0 0 0 0 0 0 
1282 10 0 0 0 0 0 0 0 0 0 0 0 
1283 10 0 0 0 0 0 0 0 0 0 0 0 
1284 10 0 0 0 0 0 0 0 0 0 0 0 
1285 10 0 0 0 0 0 0 0 0 0 0 0 
1286 10 0 0 0 0 0 0 0 0 0 0 0 
1287 10 0 0 0 0 0 0 0 0 0 0 0 
1288 10 0 0 0 0 0 0 0 0 0 0 0 
1289 10 0 0 0 0 0 0 0 0 0 0 0 
1290 10 0 0 0 0 0 0 0 0 0 0 0 
1291 10 0 0 0 0 0 0 0 0 0 0 0 
1292 10 0 0 0 0 0 0 0 0 0 0 0 
1293 10 0 0 0 0 0 0 0 0 0 0 0 
1294 10 0 0 0 0 0 0 0 0 0 0 0 
1295 10 0 0 0 0 0 0 0 0 0 0 0 
1296 10 0 0 0 0 0 0 0 0 0 0 0 
1297 10 0 0 0 0 0 0 0 0 0 0 0 
1298 10 0 0 0 0 0 0 0 0 0 0 0 
1299 10 0 0 0 0 0 0 0 0 0 0 0 
1300 10 0 0 0 0 0 0 0 0 0 0 0 
1301 10 0 0 0 0 0 0 0 0 0 0 0 
1302 10 0 0 0 0 0 0 0 0 0 0 0 
1303 10 0 0 0 0 0 0 0 0 0 0 0 
1304 10 0 0 0 0 0 0 0 0 0 0 0 
1305 10 0 0 0 0 0 0 0 0 0 0 0 
1306 10 0 0 0 0 0 0 0 0 0 0 0 
1307 10 0 0 0 0 0 0 0 0 0 0 0 
1308 10 0 0 0 0 0 0 0 0 0 0 0 
1309 10 0 0 0 0 0 0 0 0 0 0 0 
1310 10 0 0 0 0 0 0 0 0 0 0 0 
1311 10 0 0 0 0 0 0 0 0 0 0 0 
1312 10 0 0 0 0 0 0 0 0 0 0 0 
1313 10 0 0 0 0 0 0 0 0 0 0 0 
1314 10 0 0 0 0 0 0 0 0 0 0 0 
1315 10 0 0 0 0 0 0 0 0 0 0 0 
1316 10 0 0 0 0 0 0 0 0 0 0 0 
1317 10 0 0 0 0 0 0 0 0 0 0 0 
1318 10 0 0 0 0 0 0 0 0 0 0 0 
1319 10 0 0 0 0 0 0 0 0 0 0 0 
1320 10 0 0 0 0 0 0 0 0 0 0 0 
1321 10 0 0 0 0 0 0 0 0 0 0 0 
1322 10 0 0 0 0 0 0 0 0 0 0 0 
1323 10 0 0 0 0 0 0 0 0 0 0 0 
1324 10 0 0 0 0 0 0 0 0 0 0 0 
1325 10 0 0 0 0 0 0 0 0 0 0 0 
1326 10 0 0 0 0 0 0 0 0 0 0 0 
1327 10 0 0 0 0 0 0 0 0 0 0 0 
1328 10 0 0 0 0 0 0 0 0 0 0 0 
1329 10 0 0 0 0 0 0 0 0 0 0 0 
1330 10 0 0 0 0 0 0 0 0 0 0 0 
1331 10 0 0 0 0 0 0 0 0 0 0 0 
1332 10 0 0 0 0 0 0 0 0 0 0 0 
1333 10 0 0 0 0 0 0 0 0 0 0 0 
1334 10 0 0 0 0 0 0 0 0 0 0 0 
1335 10 0 0 0 0 0 0 0 0 0 0 0 
1336 10 0 0 0 0 0 0 0 0 0 0 0 
1337 10 0 0 0 0 0 0 0 0 0 0 0 
1338 10 0 0 0 0 0 0 0 0 0 0 0 
1339 10 0 0 0 0 0 0 0 0 0 0 0 
1340 10 0 0 0 0 0 0 0 0 0 0 0 
1341 10 0 0 0 0 0 0 0 0 0 0 0 
1342 10 0 0 0 0 0 0 0 0 0 0 0 
1343 10 0 0 0 0 0 0 0 0 0 0 0 
1344 10 0 0 0 0 0 0 0 0 0 0 0 
1345 10 0 0 0 0 0 0 0 0 0 0 0 
1346 10 0 0 0 0 0 0 0 0 0 0 0 
1347 10 0 0 0 0 0 0 0 0 0 0 0 
1348 10 0 0 0 0 0 0 0 0 0 0 0 
1349 10 0 0 0 0 0 0 0 0 0 0 0 
1350 10 0 0 0 0 0 0 0 0 0 0 0 
1351 10 0 0 0 0 0 0 0 0 0 0 0 
1352 10 0 0 0 0 0 0 0 0 0 0 0 
1353 10 0 0 0 0 0 0 0 0 0 0 0 
1354 10 0 0 0 0 0 0 0 0 0 0 0 
1355 10 0 0 0 0 0 0 0 0 0 0 0 
1356 10 0 0 0 0 0 0 0 0 0 0 0 
1357 10 0 0 0 0 0 0 0 0 0 0 0 
1358 10 0 0 0 0 0 0 0 0 0 0 0 
1359 10 0 0 0 0 0 0 0 0 0 0 0 
1360 10 0 0 0 0 0 0 0 0 0 0 0 
1361 10 0 0 0 0 0 0 0 0 0 0 0 
1362 10 0 0 0 0 0 0 0 0 0 0 0 
1363 10 0 0 0 0 0 0 0 0 0 0 0 
1364 10 0 0 0 0 0 0 0 0 0 0 0 
1365 10 0 0 0 0 0 0 0 0 0 0 0 
1366 10 0 0 0 0 0 0 0 0 0 0 0 
1367 10 0 0 0 0 0 0 0 0 0 0 0 
1368 10 0 0 0 0 0 0 0 0 0 0 0 
1369 10 0 0 0 0 0 0 0 0 0 0 0 
1370 10 0 0 0 0 0 0 0 0 0 0 0 
1371 10 0 0 0 0 0 0 0 0 0 0 0 
1372 10 0 0 0 0 0 0 0 0 0 0 0 
1373 10 0 0 0 0 0 0 0 0 0 0 0 
1374 10 0 0 0 0 0 0 0 0 0 0 0 
1375 10 0 0 0 0 0 0 0 0 0 0 0 
1376 10 0 0 0 0 0 0 0 0 0 0 0 
1377 10 0 0 0 0 0 0 0 0 0 0 0 
1378 10 0 0 0 0 0 0 0 0 0 0 0 
1379 10 0 0 0 0 0 0 0 0 0 0 0 
1380 10 0 0 0 0 0 0 0 0 0 0 0 
1381 10 0 0 0 0 0 0 0 0 0 0 0 
1382 10 0 0 0 0 0 0 0 0 0 0 0 
1383 10 0 0 0 0 0 0 0 0 0 0 0 
1384 10 0 0 0 0 0 0 0 0 0 0 0 
1385 10 0 0 0 0 0 0 0 0 0 0 0 
1386 10 0 0 0 0 0 0 0 0 0 0 0 
1387 10 0 0 0 0 0 0 0 0 0 0 0 
1388 10 0 0 0 0 0 0 0 0 0 0 0 
1389 10 0 0 0 0 0 0 0 0 0 0 0 
1390 10 0 0 0 0 0 0 0 0 0 0 0 
1391 10 0 0 0 0 0 0 0 0 0 0 0 
1392 10 0 0 0 0 0 0 0 0 0 0 0 
1393 10 0 0 0 0 0 0 0 0 0 0 0 
1394 10 0 0 0 0 0 0 0 0 0 0 0 
1395 10 0 0 0 0 0 0 0 0 0 0 0 
1396 10 0 0 0 0 0 0 0 0 0 0 0 
1397 10 0 0 0 0 0 0 0 0 0 0 0 
1398 10 0 0 0 0 0 0 0 0 0 0 0 
1399 10 0 0 0 0 0 0 0 0 0 0 0 
1400 10 0 0 0 0 0 0 0 0 0 0 0 
1401 10 0 0 0 0 0 0 0 0 0 0 0 
1402 10 0 0 0 0 0 0 0 0 0 0 0 
1403 10 0 0 0 0 0 0 0 0 0 0 0 
1404 10 0 0 0 0 0 0 0 0 0 0 0 
1405 10 0 0 0 0 0 0 0 0 0 0 0 
1406 10 0 0 0 0 0 0 0 0 0 0 0 
1407 10 0 0 0 0 0 0 0 0 0 0 0 
1408 10 0 0 0 0 0 0 0 0 0 0 0 
1409 10 0 0 0 0 0 0 0 0 0 0 0 
1410 10 0 0 0 0 0 0 0 0 0 0 0 
1411 10 0 0 0 0 0 0 0 0 0 0 0 
1412 10 0 0 0 0 0 0 0 0 0 0 0 
1413 10 0 0 0 0 0 0 0 0 0 0 0 
1414 10 0 0 0 0 0 0 0 0 0 0 0 
1415 10 0 0 0 0 0 0 0 0 0 0 0 
1416 10 0 0 0 0 0 0 0 0 0 0 0 
1417 10 0 0 0 0 0 0 0 0 0 0 0 
1418 10 0 0 0 0 0 0 0 0 0 0 0 
1419 10 0 0 0 0 0 0 0 0 0 0 0 
1420 10 0 0 0 0 0 0 0 0 0 0 0 
1421 10 0 0 0 0 0 0 0 0 0 0 0 
1422 10 0 0 0 0 0 0 0 0 0 0 0 
1423 10 0 0 0 0 0 0 0 0 0 0 0 
1424 10 0 0 0 0 0 0 0 0 0 0 0 
1425 10 0 0 0 0 0 0 0 0 0 0 0 
1426 10 0 0 0 0 0 0 0 0 0 0 0 
1427 10 0 0 0 0 0 0 0 0 0 0 0 
1428 10 0 0 0 0 0 0 0 0 0 0 0 
1429 10 0 0 0 0 0 0 0 0 0 0 0 
1430 10 0 0 0 0 0 0 0 0 0 0 0 
1431 10 0 0 0 0 0 0 0 0 0 0 0 
1432 10 0 0 0 0 0 0 0 0 0 0 0 
1433 10 0 0 0 0 0 0 0 0 0 0 0 
1434 10 0 0 0 0 0 0 0 0 0 0 0 
1435 10 0 0 0 0 0 0 0 0 0 0 0 
1436 10 0 0 0 0 0 0 0 0 0 0 0 
1437 10 0 0 0 0 0 0 0 0 0 0 0 
1438 10 0 0 0 0 0 0 0 0 0 0 0 
1439 10 0 0 0 0 0 0 0 0 0 0 0 
1440 10 0 0 0 0 0 0 0 0 0 0 0 
1441 10 0 0 0 0 0 0 0 0 0 0 0 
1442 10 0 0 0 0 0 0 0 0 0 0 0 
1443 10 0 0 0 0 0 0 0 0 0 0 0 
1444 10 0 0 0 0 0 0 0 0 0 0 0 
1445 10 0 0 0 0 0 0 0 0 0 0 0 
1446 10 0 0 0 0 0 0 0 0 0 0 0 
1447 10 0 0 0 0 0 0 0 0 0 0 0 
1448 10 0 0 0 0 0 0 0 0 0 0 0 
1449 10 0 0 0 0 0 0 0 0 0 0 0 
1450 10 0 0 0 0 0 0 0 0 0 0 0 
1451 10 0 0 0 0 0 0 0 0 0 0 0 
1452 10 0 0 0 0 0 0 0 0 0 0 0 
1453 10 0 0 0 0 0 0 0 0 0 0 0 
1454 10 0 0 0 0 0 0 0 0 0 0 0 
1455 10 0 0 0 0 0 0 0 0 0 0 0 
1456 10 0 0 0 0 0 0 0 0 0 0 0 
1457 10 0 0 0 0 0 0 0 0 0 0 0 
1458 10 0 0 0 0 0 0 0 0 0 0 0 
1459 10 0 0 0 0 0 0 0 0 0 0 0 
1460 10 0 0 0 0 0 0 0 0 0 0 0 
1461 10 0 0 0 0 0 0 0 0 0 0 0 
1462 10 0 0 0 0 0 0 0 0 0 0 0 
1463 10 0 0 0 0 0 0 0 0 0 0 0 
1464 10 0 0 0 0 0 0 0 0 0 0 0 
1465 10 0 0 0 0 0 0 0 0 0 0 0 
1466 10 0 0 0 0 0 0 0 0 0 0 0 
1467 10 0 0 0 0 0 0 0 0 0 0 0 
1468 10 0 0 0 0 0 0 0 0 0 0 0 
1469 10 0 0 0 0 0 0 0 0 0 0 0 
1470 10 0 0 0 0 0 0 0 0 0 0 0 
1471 10 0 0 0 0 0 0 0 0 0 0 0 
1472 10 0 0 0 0 0 0 0 0 0 0 0 
1473 10 0 0 0 0 0 0 0 0 0 0 0 
1474 10 0 0 0 0 0 0 0 0 0 0 0 
1475 10 0 0 0 0 0 0 0 0 0 0 0 
1476 10 0 0 0 0 0 0 0 0 0 0 0 
1477 10 0 0 0 0 0 0 0 0 0 0 0 
1478 10 0 0 0 0 0 0 0 0 0 0 0 
1479 10 0 0 0 0 0 0 0 0 0 0 0 
1480 10 0 0 0 0 0 0 0 0 0 0 0 
1481 10 0 0 0 0 0 0 0 0 0 0 0 
1482 10 0 0 0 0 0 0 0 0 0 0 0 
1483 10 0 0 0 0 0 0 0 0 0 0 0 
1484 10 0 0 0 0 0 0 0 0 0 0 0 
1485 10 0 0 0 0 0 0 0 0 0 0 0 
1486 10 0 0 0 0 0 0 0 0 0 0 0 
1487 10 0 0 0 0 0 0 0 0 0 0 0 
1488 10 0 0 0 0 0 0 0 0 0 0 0 
1489 10 0 0 0 0 0 0 0 0 0 0 0 
1490 10 0 0 0 0 0 0 0 0 0 0 0 
1491 10 0 0 0 0 0 0 0 0 0 0 0 
1492 10 0 0 0 0 0 0 0 0 0 0 0 
1493 10 0 0 0 0 0 0 0 0 0 0 0 
1494 10 0 0 0 0 0 0 0 0 0 0 0 
1495 10 0 0 0 0 0 0 0 0 0 0 0 
1496 10 0 0 0 0 0 0 0 0 0 0 0 
1497 10 0 0 0 0 0 0 0 0 0 0 0 
1498 10 0 0 0 0 0 0 0 0 0 0 0 
1499 10 0 0 0 0 0 0 0 0 0 0 0 
1500 10 0 0 0 0 0 0 0 0 0 0 0 
1501 10 0 0 0 0 0 0 0 0 0 0 0 
1502 10 0 0 0 0 0 0 0 0 0 0 0 
1503 10 0 0 0 0 0 0 0 0 0 0 0 
1504 10 0 0 0 0 0 0 0 0 0 0 0 
1505 10 0 0 0 0 0 0 0 0 0 0 0 
1506 10 0 0 0 0 0 0 0 0 0 0 0 
1507 10 0 0 0 0 0 0 0 0 0 0 0 
1508 10 0 0 0 0 0 0 0 0 0 0 0 
1509 10 0 0 0 0 0 0 0 0 0 0 0 
1510 10 0 0 0 0 0 0 0 0 0 0 0 
1511 10 0 0 0 0 0 0 0 0 0 0 0 
1512 10 0 0 0 0 0 0 0 0 0 0 0 
1513 10 0 0 0 0 0 0 0 0 0 0 0 
1514 10 0 0 0 0 0 0 0 0 0 0 0 
1515 10 0 0 0 0 0 0 0 0 0 0 0 
1516 10 0 0 0 0 0 0 0 0 0 0 0 
1517 10 0 0 0 0 0 0 0 0 0 0 0 
1518 10 0 0 0 0 0 0 0 0 0 0 0 
1519 10 0 0 0 0 0 0 0 0 0 0 0 
1520 10 0 0 0 0 0 0 0 0 0 0 0 
1521 10 0 0 0 0 0 0 0 0 0 0 0 
1522 10 0 0 0 0 0 0 0 0 0 0 0 
1523 10 0 0 0 0 0 0 0 0 0 0 0 
1524 10 0 0 0 0 0 0 0 0 0 0 0 
1525 10 0 0 0 0 0 0 0 0 0 0 0 
1526 10 0 0 0 0 0 0 0 0 0 0 0 
1527 10 0 0 0 0 0 0 0 0 0 0 0 
1528 10 0 0 0 0 0 0 0 0 0 0 0 
1529 10 0 0 0 0 0 0 0 0 0 0 0 
1530 10 0 0 0 0 0 0 0 0 0 0 0 
1531 10 0 0 0 0 0 0 0 0 0 0 0 
1532 10 0 0 0 0 0 0 0 0 0 0 0 
1533 10 0 0 0 0 0 0 0 0 0 0 0 
1534 10 0 0 0 0 0 0 0 0 0 0 0 
1535 10 0 0 0 0 0 0 0 0 0 0 0 
1536 10 0 0 0 0 0 0 0 0 0 0 0 
1537 10 0 0 0 0 0 0 0 0 0 0 0 
1538 10 0 0 0 0 0 0 0 0 0 0 0 
1539 10 0 0 0 0 0 0 0 0 0 0 0 
1540 10 0 0 0 0 0 0 0 0 0 0 0 
1541 10 0 0 0 0 0 0 0 0 0 0 0 
1542 10 0 0 0 0 0 0 0 0 0 0 0 
1543 10 0 0 0 0 0 0 0 0 0 0 0 
1544 10 0 0 0 0 0 0 0 0 0 0 0 
1545 10 0 0 0 0 0 0 0 0 0 0 0 
1546 10 0 0 0 0 0 0 0 0 0 0 0 
1547 10 4 0 0 0 0 0 0 0 0 0 0 
1548 10 5 0 0 0 0 0 0 0 0 0 0 
1549 10 6 0 0 0 0 0 0 0 0 0 0 
1550 10 7 0 0 0 0 0 0 0 0 0 0 
1551 10 0 0 0 0 0 0 0 0 0 0 0 
1552 10 0 0 0 0 0 0 0 0 0 0 0 
1553 10 0 0 0 0 0 0 0 0 0 0 0 
1554 10 0 0 0 0 0 0 0 0 0 0 0 
1555 10 0 0 0 0 0 0 0 0 0 0 0 
1556 10 0 0 0 0 0 0 0 0 0 0 0 
1557 10 0 0 0 0 0 0 0 0 0 0 0 
1558 10 0 0 0 0 0 0 0 0 0 0 0 
1559 10 0 0 0 0 0 0 0 0 0 0 0 
1560 10 0 0 0 0 0 0 0 0 0 0 0 
1561 10 0 0 0 0 0 0 0 0 0 0 0 
1562 10 0 0 0 0 0 0 0 0 0 0 0 
1563 10 0 0 0 0 0 0 0 0 0 0 0 
1564 10 0 0 0 0 0 0 0 0 0 0 0 
1565 10 0 0 0 0 0 0 0 0 0 0 0 
1566 10 0 0 0 0 0 0 0 0 0 0 0 
1567 10 0 0 0 0 0 0 0 0 0 0 0 
1568 10 0 0 0 0 0 0 0 0 0 0 0 
1569 10 0 0 0 0 0 0 0 0 0 0 0 
1570 10 0 0 0 0 0 0 0 0 0 0 0 
1571 10 0 0 0 0 0 0 0 0 0 0 0 
1572 10 0 0 0 0 0 0 0 0 0 0 0 
1573 10 0 0 0 0 0 0 0 0 0 0 0 
1574 10 0 0 0 0 0 0 0 0 0 0 0 
1575 10 0 0 0 0 0 0 0 0 0 0 0 
1576 10 0 0 0 0 0 0 0 0 0 0 0 
1577 10 0 0 0 0 0 0 0 0 0 0 0 
1578 10 0 0 0 0 0 0 0 0 0 0 0 
1579 10 11 0 0 0 0 0 0 0 0 0 0 
1580 10 12 0 0 0 0 0 0 0 0 0 0 
1581 10 0 0 0 0 0 0 0 0 0 0 0 
1582 10 0 0 0 0 0 0 0 0 0 0 0 
1583 10 0 0 0 0 0 0 0 0 0 0 0 
1584 10 0 0 0 0 0 0 0 0 0 0 0 
1585 10 0 0 0 0 0 0 0 0 0 0 0 
1586 10 0 0 0 0 0 0 0 0 0 0 0 
1587 10 0 0 0 0 0 0 0 0 0 0 0 
1588 10 0 0 0 0 0 0 0 0 0 0 0 
1589 10 0 0 0 0 0 0 0 0 0 0 0 
1590 10 0 0 0 0 0 0 0 0 0 0 0 
1591 10 0 0 0 0 0 0 0 0 0 0 0 
1592 10 0 0 0 0 0 0 0 0 0 0 0 
1593 10 0 0 0 0 0 0 0 0 0 0 0 
1594 10 0 0 0 0 0 0 0 0 0 0 0 
1595 10 0 0 0 0 0 0 0 0 0 0 0 
1596 10 0 0 0 0 0 0 0 0 0 0 0 
1597 10 0 0 0 0 0 0 0 0 0 0 0 
1598 10 0 0 0 0 0 0 0 0 0 0 0 
1599 10 15 0 0 0 0 0 0 0 0 0 0 
1600 10 16 0 0 0 0 0 0 0 0 0 0 
1601 10 17 0 0 0 0 0 0 0 0 0 0 
1602 10 18 0 0 0 0 0 0 0 0 0 0 
1603 10 0 0 0 0 0 0 0 0 0 0 0 
1604 10 0 0 0 0 0 0 0 0 0 0 0 
1605 10 0 0 0 0 0 0 0 0 0 0 0 
1606 10 0 0 0 0 0 0 0 0 0 0 0 
1607 10 0 0 0 0 0 0 0 0 0 0 0 
1608 10 0 0 0 0 0 0 0 0 0 0 0 
1609 10 0 0 0 0 0 0 0 0 0 0 0 
1610 10 0 0 0 0 0 0 0 0 0 0 0 
1611 10 21 0 0 0 0 0 0 0 0 0 0 
1612 10 22 0 0 0 0 0 0 0 0 0 0 
1613 10 23 0 0 0 0 0 0 0 0 0 0 
1614 10 24 0 0 0 0 0 0 0 0 0 0 
1615 10 0 0 0 0 0 0 0 0 0 0 0 
1616 10 0 0 0 0 0 0 0 0 0 0 0 
1617 10 0 0 0 0 0 0 0 0 0 0 0 
1618 10 0 0 0 0 0 0 0 0 0 0 0 
1619 10 0 0 0 0 0 0 0 0 0 0 0 
1620 10 0 0 0 0 0 0 0 0 0 0 0 
1621 10 0 0 0 0 0 0 0 0 0 0 0 
1622 10 0 0 0 0 0 0 0 0 0 0 0 
1623 10 28 0 0 0 0 0 0 0 0 0 0 
1624 10 29 0 0 0 0 0 0 0 0 0 0 
1625 10 0 0 0 0 0 0 0 0 0 0 0 
1626 10 0 0 0 0 0 0 0 0 0 0 0 
1627 10 31 0 0 0 0 0 0 0 0 0 0 
1628 10 32 0 0 0 0 0 0 0 0 0 0 
1629 10 33 0 0 0 0 0 0 0 0 0 0 
1630 10 34 0 0 0 0 0 0 0 0 0 0 
1631 10 0 0 0 0 0 0 0 0 0 0 0 
1632 10 0 0 0 0 0 0 0 0 0 0 0 
1633 10 36 0 0 0 0 0 0 0 0 0 0 
1634 10 37 0 0 0 0 0 0 0 0 0 0 
1635 10 0 0 0 0 0 0 0 0 0 0 0 
1636 10 0 0 0 0 0 0 0 0 0 0 0 
1637 10 0 0 0 0 0 0 0 0 0 0 0 
1638 10 0 0 0 0 0 0 0 0 0 0 0 
1639 10 0 0 0 0 0 0 0 0 0 0 0 
1640 10 0 0 0 0 0 0 0 0 0 0 0 
1641 10 0 0 0 0 0 0 0 0 0 0 0 
1642 10 0 0 0 0 0 0 0 0 0 0 0 
1643 10 40 0 0 0 0 0 0 0 0 0 0 
1644 10 41 0 0 0 0 0 0 0 0 0 0 
1645 10 42 0 0 0 0 0 0 0 0 0 0 
1646 10 43 0 0 0 0 0 0 0 0 0 0 
1647 10 0 0 0 0 0 0 0 0 0 0 0 
1648 10 0 0 0 0 0 0 0 0 0 0 0 
1649 10 0 0 0 0 0 0 0 0 0 0 0 
1650 10 0 0 0 0 0 0 0 0 0 0 0 
1651 10 0 0 0 0 0 0 0 0 0 0 0 
1652 10 0 0 0 0 0 0 0 0 0 0 0 
1653 10 0 0 0 0 0 0 0 0 0 0 0 
1654 10 0 0 0 0 0 0 0 0 0 0 0 
1655 10 0 0 0 0 0 0 0 0 0 0 0 
1656 10 0 0 0 0 0 0 0 0 0 0 0 
1657 10 0 0 0 0 0 0 0 0 0 0 0 
1658 10 0 0 0 0 0 0 0 0 0 0 0 
1659 10 0 0 0 0 0 0 0 0 0 0 0 
1660 10 0 0 0 0 0 0 0 0 0 0 0 
1661 10 0 0 0 0 0 0 0 0 0 0 0 
1662 10 0 0 0 0 0 0 0 0 0 0 0 
1663 10 0 0 0 0 0 0 0 0 0 0 0 
1664 10 0 0 0 0 0 0 0 0 0 0 0 
1665 10 0 0 0 0 0 0 0 0 0 0 0 
1666 10 0 0 0 0 0 0 0 0 0 0 0 
1667 10 0 0 0 0 0 0 0 0 0 0 0 
1668 10 0 0 0 0 0 0 0 0 0 0 0 
1669 10 0 0 0 0 0 0 0 0 0 0 0 
1670 10 0 0 0 0 0 0 0 0 0 0 0 
1671 10 0 0 0 0 0 0 0 0 0 0 0 
1672 10 0 0 0 0 0 0 0 0 0 0 0 
1673 10 0 0 0 0 0 0 0 0 0 0 0 
1674 10 0 0 0 0 0 0 0 0 0 0 0 
1675 10 0 0 0 0 0 0 0 0 0 0 0 
1676 10 0 0 0 0 0 0 0 0 0 0 0 
1677 10 0 0 0 0 0 0 0 0 0 0 0 
1678 10 0 0 0 0 0 0 0 0 0 0 0 
1679 10 0 0 0 0 0 0 0 0 0 0 0 
1680 10 0 0 0 0 0 0 0 0 0 0 0 
1681 10 0 0 0 0 0 0 0 0 0 0 0 
1682 10 0 0 0 0 0 0 0 0 0 0 0 
1683 10 0 0 0 0 0 0 0 0 0 0 0 
1684 10 0 0 0 0 0 0 0 0 0 0 0 
1685 10 0 0 0 0 0 0 0 0 0 0 0 
1686 10 0 0 0 0 0 0 0 0 0 0 0 
1687 10 0 0 0 0 0 0 0 0 0 0 0 
1688 10 0 0 0 0 0 0 0 0 0 0 0 
1689 10 0 0 0 0 0 0 0 0 0 0 0 
1690 10 0 0 0 0 0 0 0 0 0 0 0 
1691 10 0 0 0 0 0 0 0 0 0 0 0 
1692 10 0 0 0 0 0 0 0 0 0 0 0 
1693 10 0 0 0 0 0 0 0 0 0 0 0 
1694 10 0 0 0 0 0 0 0 0 0 0 0 
1695 10 0 0 0 0 0 0 0 0 0 0 0 
1696 10 0 0 0 0 0 0 0 0 0 0 0 
1697 10 0 0 0 0 0 0 0 0 0 0 0 
1698 10 0 0 0 0 0 0 0 0 0 0 0 
1699 10 0 0 0 0 0 0 0 0 0 0 0 
1700 10 0 0 0 0 0 0 0 0 0 0 0 
1701 10 0 0 0 0 0 0 0 0 0 0 0 
1702 10 0 0 0 0 0 0 0 0 0 0 0 
1703 10 0 0 0 0 0 0 0 0 0 0 0 
1704 10 0 0 0 0 0 0 0 0 0 0 0 
1705 10 0 0 0 0 0 0 0 0 0 0 0 
1706 10 0 0 0 0 0 0 0 0 0 0 0 
1707 10 0 0 0 0 0 0 0 0 0 0 0 
1708 10 0 0 0 0 0 0 0 0 0 0 0 
1709 10 0 0 0 0 0 0 0 0 0 0 0 
1710 10 0 0 0 0 0 0 0 0 0 0 0 
1711 10 0 0 0 0 0 0 0 0 0 0 0 
1712 10 0 0 0 0 0 0 0 0 0 0 0 
1713 10 0 0 0 0 0 0 0 0 0 0 0 
1714 10 0 0 0 0 0 0 0 0 0 0 0 
1715 10 0 0 0 0 0 0 0 0 0 0 0 
1716 10 0 0 0 0 0 0 0 0 0 0 0 
1717 10 0 0 0 0 0 0 0 0 0 0 0 
1718 10 0 0 0 0 0 0 0 0 0 0 0 
1719 10 0 0 0 0 0 0 0 0 0 0 0 
1720 10 0 0 0 0 0 0 0 0 0 0 0 
1721 10 0 0 0 0 0 0 0 0 0 0 0 
1722 10 0 0 0 0 0 0 0 0 0 0 0 
1723 10 0 0 0 0 0 0 0 0 0 0 0 
1724 10 0 0 0 0 0 0 0 0 0 0 0 
1725 10 0 0 0 0 0 0 0 0 0 0 0 
1726 10 0 0 0 0 0 0 0 0 0 0 0 
1727 10 0 0 0 0 0 0 0 0 0 0 0 
1728 10 0 0 0 0 0 0 0 0 0 0 0 
1729 10 0 0 0 0 0 0 0 0 0 0 0 
1730 10 0 0 0 0 0 0 0 0 0 0 0 
1731 10 0 0 0 0 0 0 0 0 0 0 0 
1732 10 0 0 0 0 0 0 0 0 0 0 0 
1733 10 0 0 0 0 0 0 0 0 0 0 0 
1734 10 0 0 0 0 0 0 0 0 0 0 0 
1735 10 0 0 0 0 0 0 0 0 0 0 0 
1736 10 0 0 0 0 0 0 0 0 0 0 0 
1737 10 0 0 0 0 0 0 0 0 0 0 0 
1738 10 0 0 0 0 0 0 0 0 0 0 0 
1739 10 0 0 0 0 0 0 0 0 0 0 0 
1740 10 0 0 0 0 0 0 0 0 0 0 0 
1741 10 0 0 0 0 0 0 0 0 0 0 0 
1742 10 0 0 0 0 0 0 0 0 0 0 0 
1743 10 0 0 0 0 0 0 0 0 0 0 0 
1744 10 0 0 0 0 0 0 0 0 0 0 0 
1745 10 0 0 0 0 0 0 0 0 0 0 0 
1746 10 0 0 0 0 0 0 0 0 0 0 0 
1747 10 0 0 0 0 0 0 0 0 0 0 0 
1748 10 0 0 0 0 0 0 0 0 0 0 0 
1749 10 0 0 0 0 0 0 0 0 0 0 0 
1750 10 0 0 0 0 0 0 0 0 0 0 0 
1751 10 0 0 0 0 0 0 0 0 0 0 0 
1752 10 0 0 0 0 0 0 0 0 0 0 0 
1753 10 0 0 0 0 0 0 0 0 0 0 0 
1754 10 0 0 0 0 0 0 0 0 0 0 0 
1755 10 0 0 0 0 0 0 0 0 0 0 0 
1756 10 0 0 0 0 0 0 0 0 0 0 0 
1757 10 0 0 0 0 0 0 0 0 0 0 0 
1758 10 0 0 0 0 0 0 0 0 0 0 0 
1759 10 48 0 0 0 0 0 0 0 0 0 0 
1760 10 49 0 0 0 0 0 0 0 0 0 0 
1761 10 50 0 0 0 0 0 0 0 0 0 0 
1762 10 51 0 0 0 0 0 0 0 0 0 0 
1763 10 0 0 0 0 0 0 0 0 0 0 0 
1764 10 0 0 0 0 0 0 0 0 0 0 0 
1765 10 0 0 0 0 0 0 0 0 0 0 0 
1766 10 0 0 0 0 0 0 0 0 0 0 0 
1767 10 0 0 0 0 0 0 0 0 0 0 0 
1768 10 0 0 0 0 0 0 0 0 0 0 0 
1769 10 0 0 0 0 0 0 0 0 0 0 0 
1770 10 0 0 0 0 0 0 0 0 0 0 0 
1771 10 55 0 0 0 0 0 0 0 0 0 0 
1772 10 56 0 0 0 0 0 0 0 0 0 0 
1773 10 0 0 0 0 0 0 0 0 0 0 0 
1774 10 0 0 0 0 0 0 0 0 0 0 0 
1775 10 0 0 0 0 0 0 0 0 0 0 0 
1776 10 0 0 0 0 0 0 0 0 0 0 0 
1777 10 0 0 0 0 0 0 0 0 0 0 0 
1778 10 0 0 0 0 0 0 0 0 0 0 0 
1779 10 0 0 0 0 0 0 0 0 0 0 0 
1780 10 0 0 0 0 0 0 0 0 0 0 0 
1781 10 0 0 0 0 0 0 0 0 0 0 0 
1782 10 0 0 0 0 0 0 0 0 0 0 0 
1783 10 0 0 0 0 0 0 0 0 0 0 0 
1784 10 0 0 0 0 0 0 0 0 0 0 0 
1785 10 0 0 0 0 0 0 0 0 0 0 0 
1786 10 0 0 0 0 0 0 0 0 0 0 0 
1787 10 0 0 0 0 0 0 0 0 0 0 0 
1788 10 0 0 0 0 0 0 0 0 0 0 0 
1789 10 0 0 0 0 0 0 0 0 0 0 0 
1790 10 0 0 0 0 0 0 0 0 0 0 0 
1791 10 0 0 0 0 0 0 0 0 0 0 0 
1792 10 0 0 0 0 0 0 0 0 0 0 0 
1793 10 0 0 0 0 0 0 0 0 0 0 0 
1794 10 0 0 0 0 0 0 0 0 0 0 0 
1795 10 0 0 0 0 0 0 0 0 0 0 0 
1796 10 0 0 0 0 0 0 0 0 0 0 0 
1797 10 0 0 0 0 0 0 0 0 0 0 0 
1798 10 0 0 0 0 0 0 0 0 0 0 0 
1799 10 0 0 0 0 0 0 0 0 0 0 0 
1800 10 0 0 0 0 0 0 0 0 0 0 0 
1801 10 0 0 0 0 0 0 0 0 0 0 0 
1802 10 0 0 0 0 0 0 0 0 0 0 0 
1803 10 0 0 0 0 0 0 0 0 0 0 0 
1804 10 0 0 0 0 0 0 0 0 0 0 0 
1805 10 0 0 0 0 0 0 0 0 0 0 0 
1806 10 0 0 0 0 0 0 0 0 0 0 0 
1807 10 0 0 0 0 0 0 0 0 0 0 0 
1808 10 0 0 0 0 0 0 0 0 0 0 0 
1809 10 0 0 0 0 0 0 0 0 0 0 0 
1810 10 0 0 0 0 0 0 0 0 0 0 0 
1811 10 0 0 0 0 0 0 0 0 0 0 0 
1812 10 0 0 0 0 0 0 0 0 0 0 0 
1813 10 0 0 0 0 0 0 0 0 0 0 0 
1814 10 0 0 0 0 0 0 0 0 0 0 0 
1815 10 0 0 0 0 0 0 0 0 0 0 0 
1816 10 0 0 0 0 0 0 0 0 0 0 0 
1817 10 0 0 0 0 0 0 0 0 0 0 0 
1818 10 0 0 0 0 0 0 0 0 0 0 0 
1819 10 0 0 0 0 0 0 0 0 0 0 0 
1820 10 0 0 0 0 0 0 0 0 0 0 0 
1821 10 0 0 0 0 0 0 0 0 0 0 0 
1822 10 0 0 0 0 0 0 0 0 0 0 0 
1823 10 0 0 0 0 0 0 0 0 0 0 0 
1824 10 0 0 0 0 0 0 0 0 0 0 0 
1825 10 0 0 0 0 0 0 0 0 0 0 0 
1826 10 0 0 0 0 0 0 0 0 0 0 0 
1827 10 0 0 0 0 0 0 0 0 0 0 0 
1828 10 0 0 0 0 0 0 0 0 0 0 0 
1829 10 0 0 0 0 0 0 0 0 0 0 0 
1830 10 0 0 0 0 0 0 0 0 0 0 0 
1831 10 0 0 0 0 0 0 0 0 0 0 0 
1832 10 0 0 0 0 0 0 0 0 0 0 0 
1833 10 0 0 0 0 0 0 0 0 0 0 0 
1834 10 0 0 0 0 0 0 0 0 0 0 0 
1835 10 0 0 0 0 0 0 0 0 0 0 0 
1836 10 0 0 0 0 0 0 0 0 0 0 0 
1837 10 0 0 0 0 0 0 0 0 0 0 0 
1838 10 0 0 0 0 0 0 0 0 0 0 0 
1839 10 0 0 0 0 0 0 0 0 0 0 0 
1840 10 0 0 0 0 0 0 0 0 0 0 0 
1841 10 0 0 0 0 0 0 0 0 0 0 0 
1842 10 0 0 0 0 0 0 0 0 0 0 0 
1843 10 0 0 0 0 0 0 0 0 0 0 0 
1844 10 0 0 0 0 0 0 0 0 0 0 0 
1845 10 0 0 0 0 0 0 0 0 0 0 0 
1846 10 0 0 0 0 0 0 0 0 0 0 0 
1847 10 0 0 0 0 0 0 0 0 0 0 0 
1848 10 0 0 0 0 0 0 0 0 0 0 0 
1849 10 0 0 0 0 0 0 0 0 0 0 0 
1850 10 0 0 0 0 0 0 0 0 0 0 0 
1851 10 0 0 0 0 0 0 0 0 0 0 0 
1852 10 0 0 0 0 0 0 0 0 0 0 0 
1853 10 0 0 0 0 0 0 0 0 0 0 0 
1854 10 0 0 0 0 0 0 0 0 0 0 0 
1855 10 0 0 0 0 0 0 0 0 0 0 0 
1856 10 0 0 0 0 0 0 0 0 0 0 0 
1857 10 0 0 0 0 0 0 0 0 0 0 0 
1858 10 0 0 0 0 0 0 0 0 0 0 0 
1859 10 0 0 0 0 0 0 0 0 0 0 0 
1860 10 0 0 0 0 0 0 0 0 0 0 0 
1861 10 0 0 0 0 0 0 0 0 0 0 0 
1862 10 0 0 0 0 0 0 0 0 0 0 0 
1863 10 0 0 0 0 0 0 0 0 0 0 0 
1864 10 0 0 0 0 0 0 0 0 0 0 0 
1865 10 0 0 0 0 0 0 0 0 0 0 0 
1866 10 0 0 0 0 0 0 0 0 0 0 0 
1867 10 0 0 0 0 0 0 0 0 0 0 0 
1868 10 0 0 0 0 0 0 0 0 0 0 0 
1869 10 0 0 0 0 0 0 0 0 0 0 0 
1870 10 0 0 0 0 0 0 0 0 0 0 0 
1871 10 0 0 0 0 0 0 0 0 0 0 0 
1872 10 0 0 0 0 0 0 0 0 0 0 0 
1873 10 0 0 0 0 0 0 0 0 0 0 0 
1874 10 0 0 0 0 0 0 0 0 0 0 0 
1875 10 0 0 0 0 0 0 0 0 0 0 0 
1876 10 0 0 0 0 0 0 0 0 0 0 0 
1877 10 0 0 0 0 0 0 0 0 0 0 0 
1878 10 0 0 0 0 0 0 0 0 0 0 0 
1879 10 0 0 0 0 0 0 0 0 0 0 0 
1880 10 0 0 0 0 0 0 0 0 0 0 0 
1881 10 0 0 0 0 0 0 0 0 0 0 0 
1882 10 0 0 0 0 0 0 0 0 0 0 0 
1883 10 64 0 0 0 0 0 0 0 0 0 0 
1884 10 65 0 0 0 0 0 0 0 0 0 0 
1885 10 66 0 0 0 0 0 0 0 0 0 0 
1886 10 67 0 0 0 0 0 0 0 0 0 0 
1887 10 0 0 0 0 0 0 0 0 0 0 0 
1888 10 0 0 0 0 0 0 0 0 0 0 0 
1889 10 69 0 0 0 0 0 0 0 0 0 0 
1890 10 70 0 0 0 0 0 0 0 0 0 0 
1891 10 0 0 0 0 0 0 0 0 0 0 0 
1892 10 0 0 0 0 0 0 0 0 0 0 0 
1893 10 0 0 0 0 0 0 0 0 0 0 0 
1894 10 0 0 0 0 0 0 0 0 0 0 0 
1895 10 0 0 0 0 0 0 0 0 0 0 0 
1896 10 0 0 0 0 0 0 0 0 0 0 0 
1897 10 0 0 0 0 0 0 0 0 0 0 0 
1898 10 0 0 0 0 0 0 0 0 0 0 0 
1899 10 73 0 0 0 0 0 0 0 0 0 0 
1900 10 74 0 0 0 0 0 0 0 0 0 0 
1901 10 0 0 0 0 0 0 0 0 0 0 0 
1902 10 0 0 0 0 0 0 0 0 0 0 0 
1903 10 0 0 0 0 0 0 0 0 0 0 0 
1904 10 0 0 0 0 0 0 0 0 0 0 0 
1905 10 0 0 0 0 0 0 0 0 0 0 0 
1906 10 0 0 0 0 0 0 0 0 0 0 0 
1907 10 0 0 0 0 0 0 0 0 0 0 0 
1908 10 0 0 0 0 0 0 0 0 0 0 0 
1909 10 0 0 0 0 0 0 0 0 0 0 0 
1910 10 0 0 0 0 0 0 0 0 0 0 0 
1911 10 0 0 0 0 0 0 0 0 0 0 0 
1912 10 0 0 0 0 0 0 0 0 0 0 0 
1913 10 0 0 0 0 0 0 0 0 0 0 0 
1914 10 0 0 0 0 0 0 0 0 0 0 0 
1915 10 0 0 0 0 0 0 0 0 0 0 0 
1916 10 0 0 0 0 0 0 0 0 0 0 0 
1917 10 0 0 0 0 0 0 0 0 0 0 0 
1918 10 0 0 0 0 0 0 0 0 0 0 0 
1919 10 0 0 0 0 0 0 0 0 0 0 0 
1920 10 0 0 0 0 0 0 0 0 0 0 0 
1921 10 0 0 0 0 0 0 0 0 0 0 0 
1922 10 0 0 0 0 0 0 0 0 0 0 0 
1923 10 0 0 0 0 0 0 0 0 0 0 0 
1924 10 0 0 0 0 0 0 0 0 0 0 0 
1925 10 0 0 0 0 0 0 0 0 0 0 0 
1926 10 0 0 0 0 0 0 0 0 0 0 0 
1927 10 0 0 0 0 0 0 0 0 0 0 0 
1928 10 0 0 0 0 0 0 0 0 0 0 0 
1929 10 0 0 0 0 0 0 0 0 0 0 0 
1930 10 0 0 0 0 0 0 0 0 0 0 0 
1931 10 0 0 0 0 0 0 0 0 0 0 0 
1932 10 0 0 0 0 0 0 0 0 0 0 0 
1933 10 0 0 0 0 0 0 0 0 0 0 0 
1934 10 0 0 0 0 0 0 0 0 0 0 0 
1935 10 0 0 0 0 0 0 0 0 0 0 0 
1936 10 0 0 0 0 0 0 0 0 0 0 0 
1937 10 0 0 0 0 0 0 0 0 0 0 0 
1938 10 0 0 0 0 0 0 0 0 0 0 0 
1939 10 0 0 0 0 0 0 0 0 0 0 0 
1940 10 0 0 0 0 0 0 0 0 0 0 0 
1941 10 0 0 0 0 0 0 0 0 0 0 0 
1942 10 0 0 0 0 0 0 0 0 0 0 0 
1943 10 0 0 0 0 0 0 0 0 0 0 0 
1944 10 0 0 0 0 0 0 0 0 0 0 0 
1945 10 0 0 0 0 0 0 0 0 0 0 0 
1946 10 0 0 0 0 0 0 0 0 0 0 0 
1947 10 0 0 0 0 0 0 0 0 0 0 0 
1948 10 0 0 0 0 0 0 0 0 0 0 0 
1949 10 0 0 0 0 0 0 0 0 0 0 0 
1950 10 0 0 0 0 0 0 0 0 0 0 0 
1951 10 0 0 0 0 0 0 0 0 0 0 0 
1952 10 0 0 0 0 0 0 0 0 0 0 0 
1953 10 0 0 0 0 0 0 0 0 0 0 0 
1954 10 0 0 0 0 0 0 0 0 0 0 0 
1955 10 0 0 0 0 0 0 0 0 0 0 0 
1956 10 0 0 0 0 0 0 0 0 0 0 0 
1957 10 0 0 0 0 0 0 0 0 0 0 0 
1958 10 0 0 0 0 0 0 0 0 0 0 0 
1959 10 0 0 0 0 0 0 0 0 0 0 0 
1960 10 0 0 0 0 0 0 0 0 0 0 0 
1961 10 0 0 0 0 0 0 0 0 0 0 0 
1962 10 0 0 0 0 0 0 0 0 0 0 0 
1963 10 0 0 0 0 0 0 0 0 0 0 0 
1964 10 0 0 0 0 0 0 0 0 0 0 0 
1965 10 0 0 0 0 0 0 0 0 0 0 0 
1966 10 0 0 0 0 0 0 0 0 0 0 0 
1967 10 0 0 0 0 0 0 0 0 0 0 0 
1968 10 0 0 0 0 0 0 0 0 0 0 0 
1969 10 0 0 0 0 0 0 0 0 0 0 0 
1970 10 0 0 0 0 0 0 0 0 0 0 0 
1971 10 0 0 0 0 0 0 0 0 0 0 0 
1972 10 0 0 0 0 0 0 0 0 0 0 0 
1973 10 0 0 0 0 0 0 0 0 0 0 0 
1974 10 0 0 0 0 0 0 0 0 0 0 0 
1975 10 0 0 0 0 0 0 0 0 0 0 0 
1976 10 0 0 0 0 0 0 0 0 0 0 0 
1977 10 0 0 0 0 0 0 0 0 0 0 0 
1978 10 0 0 0 0 0 0 0 0 0 0 0 
1979 10 0 0 0 0 0 0 0 0 0 0 0 
1980 10 0 0 0 0 0 0 0 0 0 0 0 
1981 10 0 0 0 0 0 0 0 0 0 0 0 
1982 10 0 0 0 0 0 0 0 0 0 0 0 
1983 10 0 0 0 0 0 0 0 0 0 0 0 
1984 10 0 0 0 0 0 0 0 0 0 0 0 
1985 10 0 0 0 0 0 0 0 0 0 0 0 
1986 10 0 0 0 0 0 0 0 0 0 0 0 
1987 10 0 0 0 0 0 0 0 0 0 0 0 
1988 10 0 0 0 0 0 0 0 0 0 0 0 
1989 10 0 0 0 0 0 0 0 0 0 0 0 
1990 10 0 0 0 0 0 0 0 0 0 0 0 
1991 10 0 0 0 0 0 0 0 0 0 0 0 
1992 10 0 0 0 0 0 0 0 0 0 0 0 
1993 10 0 0 0 0 0 0 0 0 0 0 0 
1994 10 0 0 0 0 0 0 0 0 0 0 0 
1995 10 0 0 0 0 0 0 0 0 0 0 0 
1996 10 0 0 0 0 0 0 0 0 0 0 0 
1997 10 0 0 0 0 0 0 0 0 0 0 0 
1998 10 0 0 0 0 0 0 0 0 0 0 0 
1999 10 0 0 0 0 0 0 0 0 0 0 0 
2000 10 0 0 0 0 0 0 0 0 0 0 0 
2001 10 0 0 0 0 0 0 0 0 0 0 0 
2002 10 0 0 0 0 0 0 0 0 0 0 0 
2003 10 0 0 0 0 0 0 0 0 0 0 0 
2004 10 0 0 0 0 0 0 0 0 0 0 0 
2005 10 0 0 0 0 0 0 0 0 0 0 0 
2006 10 0 0 0 0 0 0 0 0 0 0 0 
2007 10 0 0 0 0 0 0 0 0 0 0 0 
2008 10 0 0 0 0 0 0 0 0 0 0 0 
2009 10 0 0 0 0 0 0 0 0 0 0 0 
2010 10 0 0 0 0 0 0 0 0 0 0 0 
2011 10 0 0 0 0 0 0 0 0 0 0 0 
2012 10 0 0 0 0 0 0 0 0 0 0 0 
2013 10 0 0 0 0 0 0 0 0 0 0 0 
2014 10 0 0 0 0 0 0 0 0 0 0 0 
2015 10 0 0 0 0 0 0 0 0 0 0 0 
2016 10 0 0 0 0 0 0 0 0 0 0 0 
2017 10 0 0 0 0 0 0 0 0 0 0 0 
2018 10 0 0 0 0 0 0 0 0 0 0 0 
2019 10 0 0 0 0 0 0 0 0 0 0 0 
2020 10 0 0 0 0 0 0 0 0 0 0 0 
2021 10 0 0 0 0 0 0 0 0 0 0 0 
2022 10 0 0 0 0 0 0 0 0 0 0 0 
2023 10 0 0 0 0 0 0 0 0 0 0 0 
2024 10 0 0 0 0 0 0 0 0 0 0 0 
2025 10 0 0 0 0 0 0 0 0 0 0 0 
2026 10 0 0 0 0 0 0 0 0 0 0 0 
2027 10 0 0 0 0 0 0 0 0 0 0 0 
2028 10 0 0 0 0 0 0 0 0 0 0 0 
2029 10 0 0 0 0 0 0 0 0 0 0 0 
2030 10 0 0 0 0 0 0 0 0 0 0 0 
2031 10 0 0 0 0 0 0 0 0 0 0 0 
2032 10 0 0 0 0 0 0 0 0 0 0 0 
2033 10 0 0 0 0 0 0 0 0 0 0 0 
2034 10 0 0 0 0 0 0 0 0 0 0 0 
2035 10 0 0 0 0 0 0 0 0 0 0 0 
2036 10 0 0 0 0 0 0 0 0 0 0 0 
2037 10 0 0 0 0 0 0 0 0 0 0 0 
2038 10 0 0 0 0 0 0 0 0 0 0 0 
2039 10 0 0 0 0 0 0 0 0 0 0 0 
2040 10 0 0 0 0 0 0 0 0 0 0 0 
2041 10 0 0 0 0 0 0 0 0 0 0 0 
2042 10 0 0 0 0 0 0 0 0 0 0 0 
2043 10 0 0 0 0 0 0 0 0 0 0 0 
2044 10 0 0 0 0 0 0 0 0 0 0 0 
2045 10 0 0 0 0 0 0 0 0 0 0 0 
2046 10 0 0 0 0 0 0 0 0 0 0 0 

0 3 1 0 spray 0.0418118 20 68 -54 117.674 40.1118 16.9846 68 -37 117.674 40.1118 16.9846 -72 -37 155.437 54.2374 345.374 86 33 117.674 40.1118 16.9846 -90 -37 155.437 54.2374 345.374 51 -37 117.674 40.1118 16.9846 -54 -19 155.437 54.2374 345.374 87 87 102.402 246.35 211.475 -145 -91 155.437 54.2374 345.374 -19 33 155.437 54.2374 345.374 -37 34 51.6944 252.206 21.192 -55 16 51.6944 252.206 21.192 70 88 117.674 40.1118 16.9846 142 -74 84.846 268.652 145.136 87 52 102.402 246.35 211.475 -37 16 51.6944 252.206 21.192 52 16 100.767 207.064 18.6479 -56 70 51.6944 252.206 21.192 142 88 48.0684 270.404 171.751 70 106 48.0684 270.404 171.751 
1 3 1 0 spray 0.954545 7 35 53 100.767 207.064 18.6479 202 -57 349.253 77.8139 305.433 221 -57 349.253 77.8139 305.433 -57 54 125.031 6.07258 136.036 166 -20 68.7977 195.394 273.487 202 16 354.593 229.575 114.739 54 35 350.285 251.753 282.377 
2 3 1 0 spray 0.5 1 129 -1 68.7977 195.394 273.487 
3 3 1 0 spray 0.3 2 -95 -189 190.362 292.888 165.744 -113 128 349.668 189.596 23.8965 
4 3 1 0 spray 0.5 1 72 16 350.285 251.753 282.377 
5 3 1 0 spray 0.9375 10 184 -57 300.974 113.637 2.32675 35 35 102.402 246.35 211.475 35 109 111.104 49.8831 52.8358 -20 54 330.383 217.695 295.968 -94 -1 125.031 6.07258 136.036 109 91 330.383 217.695 295.968 110 -20 350.285 251.753 282.377 54 16 350.285 251.753 282.377 72 -57 73.9742 20.1908 321.806 -1 -20 100.767 207.064 18.6479 
6 3 1 0 spray 0.710526 9 54 16 68.7977 195.394 273.487 166 -39 68.7977 195.394 273.487 128 -20 68.7977 195.394 273.487 -39 54 330.383 217.695 295.968 -76 -20 71.0201 96.3498 358.391 110 110 53.1589 168.365 58.9817 72 -1 68.7977 195.394 273.487 35 16 350.285 251.753 282.377 16 16 350.285 251.753 282.377 
7 3 1 0 spray 0.552632 7 16 73 111.104 49.8831 52.8358 73 -20 68.7977 195.394 273.487 54 -1 350.285 251.753 282.377 -57 -1 125.031 6.07258 136.036 166 -76 68.7977 195.394 273.487 -1 16 158.488 260.243 56.5141 72 91 53.1589 168.365 58.9817 
8 3 1 0 spray 0.387097 4 -1 55 155.437 54.2374 345.374 -74 180 172.01 186.615 171.697 89 -1 84.846 268.652 145.136 -55 16 155.437 54.2374 345.374 
9 3 1 0 spray 0.136364 1 54 54 48.0684 270.404 171.751 
10 3 1 0 spray 0.333333 1 -1 35 222.338 263.015 293.763 
11 3 1 0 spray 0.545455 2 -94 72 349.668 189.596 23.8965 -39 53 349.668 189.596 23.8965 
12 3 1 0 spray 0.882353 5 16 -57 100.767 207.064 18.6479 -57 54 349.668 189.596 23.8965 166 -113 300.974 113.637 2.32675 -1 16 222.338 263.015 293.763 -20 35 349.668 189.596 23.8965 
13 3 1 0 spray 0.428571 1 -20 16 222.338 263.015 293.763 
14 3 1 0 spray 0.125 2 -20 54 172.01 186.615 171.697 -75 -131 71.0201 96.3498 358.391 
15 3 1 0 spray 0.8 8 92 -20 300.974 113.637 2.32675 95 192 13.7518 171.197 185.797 111 224 165.638 185.925 239.764 226 55 182.888 64.2966 76.2807 91 54 350.285 251.753 282.377 -1 233 191.859 152.949 325.269 37 232 191.859 152.949 325.269 -79 55 350.285 251.753 282.377 
16 3 1 0 spray 0.321429 3 -59 -1 191.859 152.949 325.269 35 35 316.896 68.6981 312.433 54 204 111.104 49.8831 52.8358 
17 3 1 0 spray 0.76087 35 89 198 102.402 246.35 211.475 16 109 349.668 189.596 23.8965 76 232 191.859 152.949 325.269 -96 -152 13.7518 171.197 185.797 -140 57 182.888 64.2966 76.2807 -20 225 343.632 171.487 245.527 -1 56 349.253 77.8139 305.433 245 -20 349.253 77.8139 305.433 -115 -153 190.362 292.888 165.744 -119 56 182.888 64.2966 76.2807 17 17 349.253 77.8139 305.433 17 117 71.0201 96.3498 358.391 149 111 316.896 68.6981 312.433 -185 -1 71.0201 96.3498 358.391 -59 55 350.285 251.753 282.377 -1 37 316.896 68.6981 312.433 36 55 286.328 27.0669 276.291 -1 75 48.3186 314.105 37.4923 -40 192 97.0724 248.479 117.236 174 76 93.3548 126.346 357.989 -138 114 73.9742 20.1908 321.806 -21 212 97.0724 248.479 117.236 -134 169 349.668 189.596 23.8965 206 35 354.593 229.575 114.739 36 36 51.6944 252.206 21.192 147 -1 68.7977 195.394 273.487 129 -58 300.974 113.637 2.32675 -141 97 349.253 77.8139 305.433 -119 135 300.974 113.637 2.32675 35 146 158.488 260.243 56.5141 -100 135 300.974 113.637 2.32675 151 -78 248.046 195.588 261.312 75 -21 172.01 186.615 171.697 -191 73 125.031 6.07258 136.036 134 173 13.7518 171.197 185.797 
18 3 1 0 spray 0.9375 15 -60 232 286.328 27.0669 276.291 -1 55 100.767 207.064 18.6479 -137 -21 224.736 148.27 325.21 -40 76 71.0201 96.3498 358.391 -1 91 158.488 260.243 56.5141 -21 36 53.1589 168.365 58.9817 -99 -41 330.383 217.695 295.968 55 169 53.1589 168.365 58.9817 -101 -41 111.104 49.8831 52.8358 -21 210 14.2446 322.513 33.3699 -20 73 158.488 260.243 56.5141 -197 95 73.9742 20.1908 321.806 -98 -59 191.859 152.949 325.269 -79 191 211 4.87336 75.7176 -79 -79 53.1589 168.365 58.9817 
19 3 1 0 spray 0.130435 1 95 173 224.736 148.27 325.21 
20 3 1 0 spray 0.976744 14 -246 -77 93.3548 126.346 357.989 -59 -136 343.632 171.487 245.527 35 186 111.104 49.8831 52.8358 166 -1 300.974 113.637 2.32675 -40 93 258.023 56.8777 282.084 -117 -117 191.859 152.949 325.269 -119 -158 165.638 185.925 239.764 -1 95 191.859 152.949 325.269 -40 -20 13.7518 171.197 185.797 -59 -59 190.362 292.888 165.744 191 113 224.736 148.27 325.21 184 -39 350.285 251.753 282.377 -99 76 168.619 350.577 1.27644 192 -1 93.3548 126.346 357.989 
21 3 1 0 spray 0.804878 44 37 176 97.0724 248.479 117.236 -40 192 168.619 350.577 1.27644 56 95 155.437 54.2374 345.374 -80 115 84.846 268.652 145.136 -213 55 350.285 251.753 282.377 188 55 182.888 64.2966 76.2807 -21 75 84.846 268.652 145.136 -78 55 48.3186 314.105 37.4923 -197 37 182.888 64.2966 76.2807 92 35 354.593 229.575 114.739 -78 74 248.046 195.588 261.312 92 -1 294.798 327.722 89.2127 36 17 294.798 327.722 89.2127 130 149 330.383 217.695 295.968 -159 96 300.974 113.637 2.32675 54 -1 84.846 268.652 145.136 92 167 330.383 217.695 295.968 -20 91 51.6944 252.206 21.192 242 -39 349.253 77.8139 305.433 17 36 224.736 148.27 325.21 -115 168 349.668 189.596 23.8965 165 109 100.767 207.064 18.6479 -60 -60 53.1589 168.365 58.9817 36 -1 300.974 113.637 2.32675 73 -20 349.253 77.8139 305.433 186 92 158.488 260.243 56.5141 16 54 102.402 246.35 211.475 37 155 97.0724 248.479 117.236 -95 167 349.668 189.596 23.8965 73 -39 286.328 27.0669 276.291 -61 76 190.362 292.888 165.744 55 171 168.619 350.577 1.27644 110 -39 349.253 77.8139 305.433 35 111 165.638 185.925 239.764 -78 -97 165.638 185.925 239.764 -216 -1 349.253 77.8139 305.433 -133 149 349.668 189.596 23.8965 186 35 182.888 64.2966 76.2807 16 35 68.7977 195.394 273.487 17 93 286.328 27.0669 276.291 73 -39 300.974 113.637 2.32675 -1 170 286.328 27.0669 276.291 16 35 222.338 263.015 293.763 92 -133 286.328 27.0669 276.291 
22 3 1 0 spray 0.482143 9 165 16 182.888 64.2966 76.2807 -1 151 286.328 27.0669 276.291 192 -21 93.3548 126.346 357.989 74 74 168.619 350.577 1.27644 35 -1 286.328 27.0669 276.291 -58 -1 349.253 77.8139 305.433 -115 -58 48.3186 314.105 37.4923 36 55 168.619 350.577 1.27644 17 36 13.7518 171.197 185.797 
23 3 1 0 spray 0.428571 4 -143 -123 100.767 207.064 18.6479 -217 -21 349.253 77.8139 305.433 -114 -189 190.362 292.888 165.744 114 -117 68.7977 195.394 273.487 
24 3 1 0 spray 0.834184 436 186 -58 350.285 251.753 282.377 36 -58 84.846 268.652 145.136 17 -60 68.7977 195.394 273.487 54 -151 97.0724 248.479 117.236 115 115 190.362 292.888 165.744 133 114 13.7518 171.197 185.797 56 -216 222.338 263.015 293.763 96 -119 294.798 327.722 89.2127 56 154 211 4.87336 75.7176 17 35 172.01 186.615 171.697 -76 -225 190.362 292.888 165.744 -81 -81 117.674 40.1118 16.9846 -79 -21 73.9742 20.1908 321.806 114 56 224.736 148.27 325.21 -134 74 349.668 189.596 23.8965 92 -77 349.253 77.8139 305.433 168 111 330.383 217.695 295.968 36 -39 316.896 68.6981 312.433 -135 -20 93.3548 126.346 357.989 129 92 53.1589 168.365 58.9817 -21 157 190.362 292.888 165.744 -100 -120 158.488 260.243 56.5141 55 -59 14.2446 322.513 33.3699 -119 -100 330.383 217.695 295.968 -139 96 300.974 113.637 2.32675 -61 -81 48.0684 270.404 171.751 76 17 155.437 54.2374 345.374 -215 56 294.798 327.722 89.2127 -121 -41 48.0684 270.404 171.751 137 -141 349.668 189.596 23.8965 -100 135 168.619 350.577 1.27644 136 17 71.0201 96.3498 358.391 -100 -41 48.0684 270.404 171.751 186 -133 248.046 195.588 261.312 -161 17 73.9742 20.1908 321.806 95 -21 125.031 6.07258 136.036 -121 37 84.846 268.652 145.136 153 -138 294.798 327.722 89.2127 -1 75 300.974 113.637 2.32675 249 55 48.3186 314.105 37.4923 112 55 330.383 217.695 295.968 -119 115 84.846 268.652 145.136 -101 -21 117.674 40.1118 16.9846 116 17 71.0201 96.3498 358.391 86 -1 117.674 40.1118 16.9846 -140 76 349.253 77.8139 305.433 -1 -40 155.437 54.2374 345.374 153 -79 93.3548 126.346 357.989 -79 -118 53.1589 168.365 58.9817 -1 55 84.846 268.652 145.136 -99 -60 330.383 217.695 295.968 95 114 190.362 292.888 165.744 17 -20 84.846 268.652 145.136 36 173 191.859 152.949 325.269 172 -40 93.3548 126.346 357.989 -99 -1 300.974 113.637 2.32675 94 -98 68.7977 195.394 273.487 -176 75 73.9742 20.1908 321.806 -118 -60 316.896 68.6981 312.433 -40 -79 158.488 260.243 56.5141 153 -21 93.3548 126.346 357.989 -59 -1 117.674 40.1118 16.9846 -138 17 73.9742 20.1908 321.806 -60 56 190.362 292.888 165.744 153 153 48.3186 314.105 37.4923 -98 -1 73.9742 20.1908 321.806 96 76 155.437 54.2374 345.374 36 191 168.619 350.577 1.27644 -59 -1 316.896 68.6981 312.433 -59 17 111.104 49.8831 52.8358 -79 -79 111.104 49.8831 52.8358 -98 36 182.888 64.2966 76.2807 17 -40 48.0684 270.404 171.751 -117 17 350.285 251.753 282.377 -60 -60 117.674 40.1118 16.9846 153 36 93.3548 126.346 357.989 -40 75 13.7518 171.197 185.797 -21 -59 300.974 113.637 2.32675 -60 36 48.0684 270.404 171.751 36 113 13.7518 171.197 185.797 -79 -1 48.0684 270.404 171.751 133 36 93.3548 126.346 357.989 -158 56 349.253 77.8139 305.433 134 173 224.736 148.27 325.21 -60 133 168.619 350.577 1.27644 -119 56 349.253 77.8139 305.433 17 173 13.7518 171.197 185.797 75 17 125.031 6.07258 136.036 -60 -21 300.974 113.637 2.32675 -178 56 73.9742 20.1908 321.806 -1 192 168.619 350.577 1.27644 -136 17 354.593 229.575 114.739 -59 131 211 4.87336 75.7176 -80 -100 158.488 260.243 56.5141 172 133 48.3186 314.105 37.4923 -79 -40 111.104 49.8831 52.8358 129 110 53.1589 168.365 58.9817 -21 -21 158.488 260.243 56.5141 76 56 71.0201 96.3498 358.391 -100 -21 48.0684 270.404 171.751 35 16 349.668 189.596 23.8965 -21 94 13.7518 171.197 185.797 75 -1 93.3548 126.346 357.989 -60 17 190.362 292.888 165.744 -39 188 286.328 27.0669 276.291 55 113 13.7518 171.197 185.797 -196 37 349.253 77.8139 305.433 -20 -39 100.767 207.064 18.6479 -59 74 211 4.87336 75.7176 36 133 191.859 152.949 325.269 113 -1 93.3548 126.346 357.989 -117 -98 316.896 68.6981 312.433 -21 76 190.362 292.888 165.744 36 -40 71.0201 96.3498 358.391 -60 -21 48.0684 270.404 171.751 -99 -21 300.974 113.637 2.32675 -80 -41 48.0684 270.404 171.751 115 153 48.3186 314.105 37.4923 76 37 71.0201 96.3498 358.391 -175 36 294.798 327.722 89.2127 56 -60 349.668 189.596 23.8965 55 -21 172.01 186.615 171.697 -77 -1 354.593 229.575 114.739 -40 55 13.7518 171.197 185.797 -160 37 300.974 113.637 2.32675 -99 56 84.846 268.652 145.136 -119 76 300.974 113.637 2.32675 -21 -40 53.1589 168.365 58.9817 153 17 93.3548 126.346 357.989 -140 -1 300.974 113.637 2.32675 -40 169 258.023 56.8777 282.084 -195 -1 349.253 77.8139 305.433 94 75 224.736 148.27 325.21 -117 -40 224.736 148.27 325.21 -78 36 350.285 251.753 282.377 -121 -160 158.488 260.243 56.5141 17 -80 48.0684 270.404 171.751 -78 -1 350.285 251.753 282.377 -60 -41 48.0684 270.404 171.751 -158 37 73.9742 20.1908 321.806 -59 -1 190.362 292.888 165.744 -60 94 300.974 113.637 2.32675 -59 -117 111.104 49.8831 52.8358 17 155 190.362 292.888 165.744 -136 -40 224.736 148.27 325.21 36 -21 125.031 6.07258 136.036 133 133 224.736 148.27 325.21 56 36 71.0201 96.3498 358.391 -176 -21 349.253 77.8139 305.433 -1 -60 48.0684 270.404 171.751 171 94 224.736 148.27 325.21 -138 56 349.253 77.8139 305.433 -59 -1 300.974 113.637 2.32675 -79 -79 330.383 217.695 295.968 153 -1 93.3548 126.346 357.989 -59 36 349.253 77.8139 305.433 94 209 14.2446 322.513 33.3699 -98 36 354.593 229.575 114.739 -177 36 349.253 77.8139 305.433 -195 17 354.593 229.575 114.739 36 17 125.031 6.07258 136.036 17 36 84.846 268.652 145.136 17 115 190.362 292.888 165.744 71 89 111.104 49.8831 52.8358 -59 -40 191.859 152.949 325.269 36 56 71.0201 96.3498 358.391 114 -118 294.798 327.722 89.2127 16 -58 51.6944 252.206 21.192 -1 36 191.859 152.949 325.269 37 -177 222.338 263.015 293.763 74 -20 354.593 229.575 114.739 55 55 191.859 152.949 325.269 -1 36 190.362 292.888 165.744 173 37 93.3548 126.346 357.989 -40 36 48.0684 270.404 171.751 -21 -40 300.974 113.637 2.32675 -21 -59 158.488 260.243 56.5141 -177 36 182.888 64.2966 76.2807 -1 151 97.0724 248.479 117.236 -60 -99 158.488 260.243 56.5141 -1 154 13.7518 171.197 185.797 -40 -21 117.674 40.1118 16.9846 36 133 211 4.87336 75.7176 -60 37 190.362 292.888 165.744 36 133 13.7518 171.197 185.797 -40 -59 53.1589 168.365 58.9817 -40 -21 48.0684 270.404 171.751 36 -1 71.0201 96.3498 358.391 -138 -138 158.488 260.243 56.5141 -156 36 182.888 64.2966 76.2807 -118 56 354.593 229.575 114.739 -117 36 182.888 64.2966 76.2807 -117 -59 14.2446 322.513 33.3699 -60 153 168.619 350.577 1.27644 36 210 14.2446 322.513 33.3699 95 134 190.362 292.888 165.744 56 153 191.859 152.949 325.269 -159 -120 316.896 68.6981 312.433 56 -59 172.01 186.615 171.697 -175 -1 349.253 77.8139 305.433 75 132 13.7518 171.197 185.797 -59 -21 316.896 68.6981 312.433 -117 55 68.7977 195.394 273.487 75 75 224.736 148.27 325.21 -137 36 354.593 229.575 114.739 -176 17 349.253 77.8139 305.433 36 75 93.3548 126.346 357.989 -99 17 300.974 113.637 2.32675 -99 -79 330.383 217.695 295.968 -21 55 71.0201 96.3498 358.391 133 113 48.3186 314.105 37.4923 -157 36 350.285 251.753 282.377 95 56 93.3548 126.346 357.989 131 36 158.488 260.243 56.5141 149 54 158.488 260.243 56.5141 36 -78 224.736 148.27 325.21 36 -59 224.736 148.27 325.21 113 208 14.2446 322.513 33.3699 -20 -1 330.383 217.695 295.968 -76 16 248.046 195.588 261.312 -39 -134 224.736 148.27 325.21 17 -78 224.736 148.27 325.21 -78 -59 349.253 77.8139 305.433 17 74 14.2446 322.513 33.3699 -1 35 350.285 251.753 282.377 -1 148 343.632 171.487 245.527 -21 151 286.328 27.0669 276.291 17 -59 222.338 263.015 293.763 -40 -59 316.896 68.6981 312.433 -97 -1 294.798 327.722 89.2127 74 -78 294.798 327.722 89.2127 -1 -59 294.798 327.722 89.2127 -135 -40 182.888 64.2966 76.2807 -174 -59 182.888 64.2966 76.2807 36 172 211 4.87336 75.7176 -98 17 350.285 251.753 282.377 -1 -20 350.285 251.753 282.377 -97 -40 125.031 6.07258 136.036 -156 -21 349.253 77.8139 305.433 36 -59 172.01 186.615 171.697 -116 -40 182.888 64.2966 76.2807 17 -59 294.798 327.722 89.2127 -78 -192 165.638 185.925 239.764 35 -58 286.328 27.0669 276.291 -20 -58 316.896 68.6981 312.433 -116 -20 93.3548 126.346 357.989 93 -1 182.888 64.2966 76.2807 151 -116 294.798 327.722 89.2127 35 -1 258.023 56.8777 282.084 54 -39 349.253 77.8139 305.433 -77 -173 165.638 185.925 239.764 -154 -40 182.888 64.2966 76.2807 -1 -39 349.253 77.8139 305.433 35 -39 84.846 268.652 145.136 -20 -1 350.285 251.753 282.377 17 17 48.0684 270.404 171.751 -1 -21 48.0684 270.404 171.751 17 -20 224.736 148.27 325.21 -135 -78 224.736 148.27 325.21 -59 17 349.253 77.8139 305.433 17 -20 349.253 77.8139 305.433 -40 -1 111.104 49.8831 52.8358 -97 17 73.9742 20.1908 321.806 -172 -39 48.3186 314.105 37.4923 -1 17 182.888 64.2966 76.2807 -1 -20 349.253 77.8139 305.433 -39 130 211 4.87336 75.7176 -173 -20 182.888 64.2966 76.2807 -115 -20 48.3186 314.105 37.4923 -97 17 182.888 64.2966 76.2807 -1 -40 224.736 148.27 325.21 -39 -39 349.253 77.8139 305.433 -40 -78 224.736 148.27 325.21 -40 -78 191.859 152.949 325.269 -96 -39 48.3186 314.105 37.4923 55 -21 224.736 148.27 325.21 -116 -154 14.2446 322.513 33.3699 17 -1 349.253 77.8139 305.433 -20 -39 349.253 77.8139 305.433 -59 -97 191.859 152.949 325.269 -117 75 68.7977 195.394 273.487 -20 -20 349.253 77.8139 305.433 -78 -21 14.2446 322.513 33.3699 73 -1 354.593 229.575 114.739 -20 188 211 4.87336 75.7176 -97 -97 14.2446 322.513 33.3699 74 36 354.593 229.575 114.739 36 55 48.3186 314.105 37.4923 -97 -40 349.253 77.8139 305.433 74 -40 248.046 195.588 261.312 -154 112 68.7977 195.394 273.487 -135 17 48.3186 314.105 37.4923 -1 74 286.328 27.0669 276.291 17 -39 294.798 327.722 89.2127 -1 -1 93.3548 126.346 357.989 -58 17 73.9742 20.1908 321.806 -59 17 68.7977 195.394 273.487 -154 -1 182.888 64.2966 76.2807 -97 -40 14.2446 322.513 33.3699 55 -1 354.593 229.575 114.739 -78 17 294.798 327.722 89.2127 -59 17 350.285 251.753 282.377 55 36 182.888 64.2966 76.2807 36 17 190.362 292.888 165.744 -21 55 168.619 350.577 1.27644 -20 93 286.328 27.0669 276.291 17 -21 93.3548 126.346 357.989 -21 36 71.0201 96.3498 358.391 -40 55 84.846 268.652 145.136 -96 -20 48.3186 314.105 37.4923 -77 -1 182.888 64.2966 76.2807 -40 -21 294.798 327.722 89.2127 -40 17 14.2446 322.513 33.3699 -1 -20 316.896 68.6981 312.433 -58 -173 165.638 185.925 239.764 -173 -1 182.888 64.2966 76.2807 17 -20 248.046 195.588 261.312 111 17 182.888 64.2966 76.2807 -58 17 182.888 64.2966 76.2807 94 74 48.3186 314.105 37.4923 -20 17 182.888 64.2966 76.2807 -20 -1 165.638 185.925 239.764 36 36 182.888 64.2966 76.2807 -154 -1 48.3186 314.105 37.4923 -1 17 349.253 77.8139 305.433 36 55 211 4.87336 75.7176 -1 -78 224.736 148.27 325.21 -39 92 211 4.87336 75.7176 -20 131 258.023 56.8777 282.084 -40 -59 111.104 49.8831 52.8358 17 74 13.7518 171.197 185.797 36 -1 84.846 268.652 145.136 54 187 343.632 171.487 245.527 -173 -1 48.3186 314.105 37.4923 93 93 13.7518 171.197 185.797 -40 -78 111.104 49.8831 52.8358 -59 36 68.7977 195.394 273.487 36 36 97.0724 248.479 117.236 -1 55 13.7518 171.197 185.797 -1 -40 300.974 113.637 2.32675 -1 17 48.0684 270.404 171.751 -58 36 73.9742 20.1908 321.806 -20 -78 224.736 148.27 325.21 17 55 168.619 350.577 1.27644 -39 -77 14.2446 322.513 33.3699 35 35 165.638 185.925 239.764 -1 -59 224.736 148.27 325.21 35 -20 84.846 268.652 145.136 -20 -1 100.767 207.064 18.6479 -1 73 343.632 171.487 245.527 -20 -1 349.253 77.8139 305.433 91 -39 68.7977 195.394 273.487 -1 54 172.01 186.615 171.697 -39 -20 182.888 64.2966 76.2807 16 16 222.338 263.015 293.763 92 -20 294.798 327.722 89.2127 -1 17 102.402 246.35 211.475 -78 -1 14.2446 322.513 33.3699 -1 17 68.7977 195.394 273.487 16 54 111.104 49.8831 52.8358 -39 -77 165.638 185.925 239.764 36 -39 68.7977 195.394 273.487 92 -172 258.023 56.8777 282.084 92 -58 349.253 77.8139 305.433 17 73 53.1589 168.365 58.9817 -152 35 248.046 195.588 261.312 -1 36 165.638 185.925 239.764 -58 35 330.383 217.695 295.968 -1 55 286.328 27.0669 276.291 16 35 53.1589 168.365 58.9817 113 93 13.7518 171.197 185.797 -1 36 300.974 113.637 2.32675 -115 -1 182.888 64.2966 76.2807 -39 -20 349.253 77.8139 305.433 -39 -20 48.3186 314.105 37.4923 -59 -20 354.593 229.575 114.739 35 -76 286.328 27.0669 276.291 -1 -40 294.798 327.722 89.2127 -171 -77 48.3186 314.105 37.4923 17 -1 300.974 113.637 2.32675 -173 131 68.7977 195.394 273.487 129 -39 350.285 251.753 282.377 -21 17 300.974 113.637 2.32675 -78 -97 191.859 152.949 325.269 -20 -40 102.402 246.35 211.475 -97 -1 354.593 229.575 114.739 -152 16 248.046 195.588 261.312 16 73 343.632 171.487 245.527 -76 35 248.046 195.588 261.312 111 16 354.593 229.575 114.739 -20 35 158.488 260.243 56.5141 -39 -39 165.638 185.925 239.764 92 -1 354.593 229.575 114.739 -209 -39 93.3548 126.346 357.989 -20 129 343.632 171.487 245.527 -58 -96 13.7518 171.197 185.797 -20 -115 165.638 185.925 239.764 73 -77 300.974 113.637 2.32675 16 110 343.632 171.487 245.527 -152 54 248.046 195.588 261.312 54 -20 316.896 68.6981 312.433 -1 -39 73.9742 20.1908 321.806 -95 16 248.046 195.588 261.312 -77 -173 191.859 152.949 325.269 54 -114 286.328 27.0669 276.291 17 74 97.0724 248.479 117.236 -21 -21 191.859 152.949 325.269 36 55 97.0724 248.479 117.236 -1 -21 300.974 113.637 2.32675 -20 93 97.0724 248.479 117.236 -97 -154 191.859 152.949 325.269 -97 -40 354.593 229.575 114.739 -191 36 93.3548 126.346 357.989 17 55 48.3186 314.105 37.4923 17 -58 349.253 77.8139 305.433 -134 -20 182.888 64.2966 76.2807 17 -40 84.846 268.652 145.136 -77 -20 349.253 77.8139 305.433 -116 -78 224.736 148.27 325.21 54 -20 350.285 251.753 282.377 35 129 343.632 171.487 245.527 -78 -59 14.2446 322.513 33.3699 129 16 354.593 229.575 114.739 -39 -1 330.383 217.695 295.968 -190 35 248.046 195.588 261.312 -59 -59 224.736 148.27 325.21 -1 73 211 4.87336 75.7176 54 -96 258.023 56.8777 282.084 35 54 165.638 185.925 239.764 -97 -1 349.253 77.8139 305.433 -59 -40 14.2446 322.513 33.3699 -95 35 248.046 195.588 261.312 73 -20 350.285 251.753 282.377 -1 186 343.632 171.487 245.527 35 -77 258.023 56.8777 282.084 73 35 158.488 260.243 56.5141 
25 3 1 0 spray 0.5 1 17 212 168.619 350.577 1.27644 
26 3 1 0 spray 0.857143 2 -1 92 51.6944 252.206 21.192 -97 94 248.046 195.588 261.312 
27 3 1 0 spray 0.975 13 -40 114 300.974 113.637 2.32675 225 35 354.593 229.575 114.739 204 -39 349.253 77.8139 305.433 75 228 14.2446 322.513 33.3699 73 -1 349.253 77.8139 305.433 55 -1 349.253 77.8139 305.433 -100 77 349.253 77.8139 305.433 -1 209 211 4.87336 75.7176 135 17 125.031 6.07258 136.036 130 35 354.593 229.575 114.739 36 36 125.031 6.07258 136.036 74 55 182.888 64.2966 76.2807 -1 195 13.7518 171.197 185.797 
28 3 1 0 spray 0.375 1 128 128 330.383 217.695 295.968 
29 3 1 0 spray 0.75 6 111 -1 354.593 229.575 114.739 16 35 155.437 54.2374 345.374 17 -20 165.638 185.925 239.764 -134 17 93.3548 126.346 357.989 -96 17 93.3548 126.346 357.989 -20 -1 71.0201 96.3498 358.391 
30 3 1 0 spray 0.219512 3 17 17 71.0201 96.3498 358.391 133 -1 93.3548 126.346 357.989 148 129 53.1589 168.365 58.9817 
31 3 1 0 spray 0.9375 5 113 189 14.2446 322.513 33.3699 -120 -139 158.488 260.243 56.5141 76 -80 172.01 186.615 171.697 157 -21 125.031 6.07258 136.036 117 -81 51.6944 252.206 21.192 
32 3 1 0 spray 0.666667 2 75 -1 190.362 292.888 165.744 74 17 168.619 350.577 1.27644 
33 3 1 0 spray 0.764706 13 17 -1 172.01 186.615 171.697 55 -59 248.046 195.588 261.312 56 -1 51.6944 252.206 21.192 75 36 190.362 292.888 165.744 -79 17 300.974 113.637 2.32675 17 -1 71.0201 96.3498 358.391 54 -58 300.974 113.637 2.32675 -20 -20 102.402 246.35 211.475 -39 -39 71.0201 96.3498 358.391 -1 -1 350.285 251.753 282.377 -1 -1 248.046 195.588 261.312 93 36 13.7518 171.197 185.797 -211 36 248.046 195.588 261.312 
34 3 1 0 spray 0.363636 4 133 94 224.736 148.27 325.21 75 -40 172.01 186.615 171.697 17 -21 155.437 54.2374 345.374 -20 -39 155.437 54.2374 345.374 
35 3 1 0 spray 0.25 1 54 35 330.383 217.695 295.968 
36 3 1 0 spray 0.473684 3 54 16 158.488 260.243 56.5141 -20 35 172.01 186.615 171.697 35 35 330.383 217.695 295.968 
37 3 1 0 spray 0.872727 32 16 -39 286.328 27.0669 276.291 35 -115 258.023 56.8777 282.084 73 -190 286.328 27.0669 276.291 -115 -152 48.3186 314.105 37.4923 -20 16 343.632 171.487 245.527 16 -77 286.328 27.0669 276.291 54 -151 286.328 27.0669 276.291 -114 -114 48.3186 314.105 37.4923 35 -114 286.328 27.0669 276.291 -1 16 172.01 186.615 171.697 -1 35 211 4.87336 75.7176 17 -1 168.619 350.577 1.27644 54 -172 258.023 56.8777 282.084 -1 -1 168.619 350.577 1.27644 36 36 168.619 350.577 1.27644 -20 -115 191.859 152.949 325.269 -20 -39 14.2446 322.513 33.3699 -39 -153 165.638 185.925 239.764 17 -1 13.7518 171.197 185.797 55 17 330.383 217.695 295.968 -96 -173 14.2446 322.513 33.3699 -58 -134 14.2446 322.513 33.3699 74 -191 258.023 56.8777 282.084 -20 -134 165.638 185.925 239.764 -1 55 258.023 56.8777 282.084 73 35 330.383 217.695 295.968 -1 -39 222.338 263.015 293.763 -1 -1 286.328 27.0669 276.291 54 -1 158.488 260.243 56.5141 -58 17 349.668 189.596 23.8965 -39 -173 224.736 148.27 325.21 -1 -1 14.2446 322.513 33.3699 
38 3 1 0 spray 0.272727 1 -20 17 211 4.87336 75.7176 
39 3 1 0 spray 0.319149 5 57 -139 172.01 186.615 171.697 56 -119 172.01 186.615 171.697 -21 -138 102.402 246.35 211.475 17 -118 222.338 263.015 293.763 114 -79 93.3548 126.346 357.989 
40 3 1 0 spray 0.1875 1 -1 -135 224.736 148.27 325.21 
41 3 1 0 spray 0.576923 5 -40 -40 190.362 292.888 165.744 17 55 14.2446 322.513 33.3699 -21 55 286.328 27.0669 276.291 -1 -40 190.362 292.888 165.744 -20 -1 168.619 350.577 1.27644 
42 3 1 0 spray 0.882353 5 -58 -77 190.362 292.888 165.744 17 36 191.859 152.949 325.269 36 -1 97.0724 248.479 117.236 36 -40 48.0684 270.404 171.751 -79 -79 172.01 186.615 171.697 
43 3 1 0 spray 0.428571 2 74 -1 13.7518 171.197 185.797 17 -59 172.01 186.615 171.697 
44 3 1 0 spray 0.967742 10 55 -59 211 4.87336 75.7176 55 -20 102.402 246.35 211.475 74 -1 48.0684 270.404 171.751 17 -97 165.638 185.925 239.764 -41 -80 330.383 217.695 295.968 114 -1 158.488 260.243 56.5141 -1 -79 158.488 260.243 56.5141 -58 -134 48.3186 314.105 37.4923 -1 -160 102.402 246.35 211.475 -60 -100 330.383 217.695 295.968 
45 3 1 0 spray 0.857143 4 56 -40 48.0684 270.404 171.751 -58 17 172.01 186.615 171.697 35 -150 190.362 292.888 165.744 -40 75 286.328 27.0669 276.291 
46 3 1 0 spray 0.0405405 1 34 217 172.01 186.615 171.697 
47 3 1 0 spray 0.153846 4 -123 -22 117.674 40.1118 16.9846 -123 -62 111.104 49.8831 52.8358 -103 -42 100.767 207.064 18.6479 -82 -122 330.383 217.695 295.968 
48 3 1 0 spray 0.72973 9 -130 -20 71.0201 96.3498 358.391 165 53 350.285 251.753 282.377 -191 92 294.798 327.722 89.2127 -113 72 125.031 6.07258 136.036 -60 115 84.846 268.652 145.136 112 -173 258.023 56.8777 282.084 16 126 48.0684 270.404 171.751 93 188 330.383 217.695 295.968 -78 55 294.798 327.722 89.2127 
49 3 1 0 spray 0.972973 12 -138 -118 158.488 260.243 56.5141 130 -20 349.253 77.8139 305.433 157 -121 349.668 189.596 23.8965 -61 77 349.253 77.8139 305.433 -21 36 294.798 327.722 89.2127 170 -78 248.046 195.588 261.312 114 191 13.7518 171.197 185.797 -21 56 48.0684 270.404 171.751 -61 135 300.974 113.637 2.32675 36 210 211 4.87336 75.7176 154 193 224.736 148.27 325.21 -79 95 248.046 195.588 261.312 
50 3 1 0 spray 0.734266 70 -1 34 155.437 54.2374 345.374 125 71 48.0684 270.404 171.751 -20 -20 155.437 54.2374 345.374 -19 -1 51.6944 252.206 21.192 89 71 48.0684 270.404 171.751 88 16 100.767 207.064 18.6479 144 -93 84.846 268.652 145.136 71 144 102.402 246.35 211.475 52 107 48.0684 270.404 171.751 16 145 330.383 217.695 295.968 16 90 330.383 217.695 295.968 -1 108 349.668 189.596 23.8965 180 71 316.896 68.6981 312.433 -38 125 349.668 189.596 23.8965 181 -75 349.253 77.8139 305.433 89 126 330.383 217.695 295.968 71 162 102.402 246.35 211.475 144 -75 349.253 77.8139 305.433 34 144 330.383 217.695 295.968 34 34 100.767 207.064 18.6479 160 70 48.0684 270.404 171.751 -57 145 349.668 189.596 23.8965 90 -57 73.9742 20.1908 321.806 -112 34 125.031 6.07258 136.036 -74 126 222.338 263.015 293.763 -38 144 172.01 186.615 171.697 53 126 330.383 217.695 295.968 -20 127 222.338 263.015 293.763 108 90 158.488 260.243 56.5141 -74 144 172.01 186.615 171.697 -149 -1 125.031 6.07258 136.036 -130 -38 71.0201 96.3498 358.391 -38 107 349.668 189.596 23.8965 -167 -1 71.0201 96.3498 358.391 126 -20 354.593 229.575 114.739 -1 90 330.383 217.695 295.968 -130 108 51.6944 252.206 21.192 201 -75 300.974 113.637 2.32675 108 -75 73.9742 20.1908 321.806 35 90 158.488 260.243 56.5141 -130 53 51.6944 252.206 21.192 -20 144 349.668 189.596 23.8965 -93 145 222.338 263.015 293.763 -1 -1 155.437 54.2374 345.374 90 53 48.0684 270.404 171.751 -20 180 172.01 186.615 171.697 -38 89 349.668 189.596 23.8965 71 90 330.383 217.695 295.968 72 72 158.488 260.243 56.5141 126 -93 349.253 77.8139 305.433 146 72 100.767 207.064 18.6479 -94 90 349.668 189.596 23.8965 -93 108 222.338 263.015 293.763 127 -94 84.846 268.652 145.136 146 -20 350.285 251.753 282.377 -130 -56 71.0201 96.3498 358.391 144 -93 349.253 77.8139 305.433 163 -1 354.593 229.575 114.739 145 53 100.767 207.064 18.6479 16 -20 100.767 207.064 18.6479 -92 52 51.6944 252.206 21.192 35 127 158.488 260.243 56.5141 53 145 158.488 260.243 56.5141 53 89 102.402 246.35 211.475 -74 107 51.6944 252.206 21.192 53 163 330.383 217.695 295.968 -19 16 51.6944 252.206 21.192 -111 108 51.6944 252.206 21.192 163 71 316.896 68.6981 312.433 71 145 158.488 260.243 56.5141 
51 3 1 0 spray 0.548936 43 -150 -20 125.031 6.07258 136.036 165 -57 349.253 77.8139 305.433 183 -131 73.9742 20.1908 321.806 16 16 100.767 207.064 18.6479 90 -1 350.285 251.753 282.377 90 16 350.285 251.753 282.377 146 90 100.767 207.064 18.6479 -183 -74 71.0201 96.3498 358.391 164 -130 84.846 268.652 145.136 193 37 125.031 6.07258 136.036 210 36 350.285 251.753 282.377 105 123 48.0684 270.404 171.751 185 110 100.767 207.064 18.6479 125 -38 73.9742 20.1908 321.806 75 -1 191.859 152.949 325.269 35 91 349.668 189.596 23.8965 17 37 349.253 77.8139 305.433 89 16 84.846 268.652 145.136 161 -74 73.9742 20.1908 321.806 74 -1 258.023 56.8777 282.084 16 91 172.01 186.615 171.697 -127 -91 155.437 54.2374 345.374 223 129 316.896 68.6981 312.433 36 -1 222.338 263.015 293.763 207 -40 294.798 327.722 89.2127 53 146 172.01 186.615 171.697 76 -41 349.668 189.596 23.8965 -21 115 300.974 113.637 2.32675 76 134 191.859 152.949 325.269 120 -22 51.6944 252.206 21.192 161 16 316.896 68.6981 312.433 34 181 172.01 186.615 171.697 107 -1 84.846 268.652 145.136 264 -40 349.253 77.8139 305.433 113 36 13.7518 171.197 185.797 154 154 13.7518 171.197 185.797 158 38 71.0201 96.3498 358.391 176 -141 349.668 189.596 23.8965 127 -112 349.253 77.8139 305.433 -42 -142 158.488 260.243 56.5141 98 98 71.0201 96.3498 358.391 59 -22 155.437 54.2374 345.374 -83 -144 330.383 217.695 295.968 
52 3 1 0 spray 0.103448 1 34 53 117.674 40.1118 16.9846 
53 3 1 0 spray 0.5 1 55 -40 14.2446 322.513 33.3699 
54 3 1 0 spray 0.9375 5 55 -1 165.638 185.925 239.764 52 52 111.104 49.8831 52.8358 -110 -164 71.0201 96.3498 358.391 -21 -118 53.1589 168.365 58.9817 -209 -77 93.3548 126.346 357.989 
55 3 1 0 spray 0.857143 2 107 16 100.767 207.064 18.6479 52 89 111.104 49.8831 52.8358 
56 3 1 0 spray 0.4 4 52 71 111.104 49.8831 52.8358 38 -102 349.668 189.596 23.8965 52 -38 100.767 207.064 18.6479 -129 -20 51.6944 252.206 21.192 
57 3 1 0 spray 0.176471 3 -57 72 349.668 189.596 23.8965 -20 53 222.338 263.015 293.763 -1 -57 51.6944 252.206 21.192 
58 3 1 0 spray 0.133333 2 105 123 111.104 49.8831 52.8358 106 142 111.104 49.8831 52.8358 
59 3 1 0 spray 0.857143 4 -21 -119 286.328 27.0669 276.291 55 -191 191.859 152.949 325.269 -58 -227 168.619 350.577 1.27644 -39 -227 343.632 171.487 245.527 
60 3 1 0 spray 0.12 1 54 -133 168.619 350.577 1.27644 
61 3 1 0 spray 0.394737 5 -21 36 258.023 56.8777 282.084 -20 -20 168.619 350.577 1.27644 -57 -188 13.7518 171.197 185.797 -1 -39 13.7518 171.197 185.797 -39 -95 13.7518 171.197 185.797 
62 3 1 0 spray 0.75 1 -20 -150 211 4.87336 75.7176 
63 3 1 0 spray 0.947368 6 -20 -96 190.362 292.888 165.744 35 -227 211 4.87336 75.7176 55 -77 191.859 152.949 325.269 36 -96 211 4.87336 75.7176 -39 -114 13.7518 171.197 185.797 16 -207 211 4.87336 75.7176 
64 3 1 0 spray 0.916667 11 -39 -58 343.632 171.487 245.527 -20 -1 258.023 56.8777 282.084 -20 -134 14.2446 322.513 33.3699 -39 -191 14.2446 322.513 33.3699 -39 -77 343.632 171.487 245.527 -1 -77 14.2446 322.513 33.3699 -20 -172 14.2446 322.513 33.3699 -20 -77 343.632 171.487 245.527 -20 -191 14.2446 322.513 33.3699 -39 -134 343.632 171.487 245.527 -1 -134 14.2446 322.513 33.3699 
65 3 1 0 spray 0.4 2 17 -172 191.859 152.949 325.269 17 -173 211 4.87336 75.7176 
66 3 1 0 spray 0.6 6 -39 -169 13.7518 171.197 185.797 16 -225 168.619 350.577 1.27644 -57 -170 190.362 292.888 165.744 -57 -188 190.362 292.888 165.744 16 -188 168.619 350.577 1.27644 -1 -207 168.619 350.577 1.27644 
67 3 1 0 spray 0.25 2 35 -114 97.0724 248.479 117.236 16 -58 168.619 350.577 1.27644 
68 3 1 0 spray 0.5625 3 -1 -1 343.632 171.487 245.527 35 -153 258.023 56.8777 282.084 -39 -20 343.632 171.487 245.527 
69 3 1 0 spray 0.9375 5 -59 -1 349.668 189.596 23.8965 36 -21 211 4.87336 75.7176 -1 -21 97.0724 248.479 117.236 17 -20 191.859 152.949 325.269 17 -79 172.01 186.615 171.697 
70 3 1 0 spray 0.75 1 -40 -213 165.638 185.925 239.764 
71 3 1 0 spray 0.409091 3 73 16 102.402 246.35 211.475 55 -39 168.619 350.577 1.27644 74 -154 191.859 152.949 325.269 
72 3 1 0 spray 0.214286 5 -1 -78 222.338 263.015 293.763 34 -221 190.362 292.888 165.744 17 -40 343.632 171.487 245.527 17 -77 13.7518 171.197 185.797 36 -192 258.023 56.8777 282.084 
73 3 1 0 spray 0.875 7 -1 -78 172.01 186.615 171.697 -21 -40 258.023 56.8777 282.084 55 -192 211 4.87336 75.7176 -40 -78 172.01 186.615 171.697 -1 -78 258.023 56.8777 282.084 -39 -115 343.632 171.487 245.527 17 -179 172.01 186.615 171.697 
74 3 1 0 spray 0.421053 8 -60 -118 172.01 186.615 171.697 -40 -118 172.01 186.615 171.697 -21 -138 172.01 186.615 171.697 55 -153 191.859 152.949 325.269 -1 -175 286.328 27.0669 276.291 -1 -179 172.01 186.615 171.697 -41 -159 172.01 186.615 171.697 -21 -179 172.01 186.615 171.697 
75 3 1 0 spray 0.1875 2 -20 -151 190.362 292.888 165.744 -1 -244 168.619 350.577 1.27644 
76 3 1 0 spray 0.117647 2 35 -171 286.328 27.0669 276.291 -20 16 172.01 186.615 171.697 
77 3 1 0 spray 0.04 1 -38 -56 51.6944 252.206 21.192 
78 3 1 0 spray 0.0714286 1 34 -182 97.0724 248.479 117.236 
79 3 1 0 spray 0.75 4 -1 -186 13.7518 171.197 185.797 -38 -187 13.7518 171.197 185.797 16 -148 97.0724 248.479 117.236 -20 -205 13.7518 171.197 185.797 
80 3 1 0 spray 0.315789 2 16 -165 97.0724 248.479 117.236 35 -224 168.619 350.577 1.27644 
