10 70 3
0 0 -1 69 0 68 -1 -1 -1 -1 -1 0 -8 
1 1 -1 160 2 79 -1 -1 -1 -1 -1 0 -148 
2 1 -1 102 2 79 -1 -1 -1 -1 -1 0 -195 
3 2 0 0 0 0 0 0 0 0 0 0 0 
4 2 -1 248 2 43 -1 -1 -1 -1 -1 0 -13 
5 2 20 0 0 0 0 0 0 0 0 0 0 
6 2 -1 173 4 39 -1 -1 -1 -1 -1 0 850 
7 3 0 0 0 0 0 0 0 0 0 0 0 
8 3 0 0 0 0 0 0 0 0 0 0 0 
9 3 -1 148 2 47 -1 -1 -1 -1 -1 0 -19 
10 3 -1 186 2 66 -1 -1 -1 -1 -1 0 -73 
11 3 0 0 0 0 0 0 0 0 0 0 0 
12 3 0 0 0 0 0 0 0 0 0 0 0 
13 3 -1 285 3 33 -1 -1 -1 -1 -1 0 -8 
14 3 -1 289 1 72 -1 -1 -1 -1 -1 0 -17 
15 4 0 0 0 0 0 0 0 0 0 0 0 
16 4 0 0 0 0 0 0 0 0 0 0 0 
17 4 0 0 0 0 0 0 0 0 0 0 0 
18 4 0 0 0 0 0 0 0 0 0 0 0 
19 4 1 0 0 0 0 0 0 0 0 0 0 
20 4 -1 343 2 58 -1 -1 -1 -1 -1 0 -30 
21 4 5 0 0 0 0 0 0 0 0 0 0 
22 4 -1 298 2 59 -1 -1 -1 -1 -1 0 -29 
23 4 0 0 0 0 0 0 0 0 0 0 0 
24 4 0 0 0 0 0 0 0 0 0 0 0 
25 4 0 0 0 0 0 0 0 0 0 0 0 
26 4 0 0 0 0 0 0 0 0 0 0 0 
27 4 -1 100 3 26 -1 -1 -1 -1 -1 0 -28 
28 4 41 0 0 0 0 0 0 0 0 0 0 
29 4 -1 249 4 41 -1 -1 -1 -1 -1 0 1385 
30 4 -1 294 4 42 -1 -1 -1 -1 -1 0 1600 
31 5 0 0 0 0 0 0 0 0 0 0 0 
32 5 0 0 0 0 0 0 0 0 0 0 0 
33 5 0 0 0 0 0 0 0 0 0 0 0 
34 5 0 0 0 0 0 0 0 0 0 0 0 
35 5 0 0 0 0 0 0 0 0 0 0 0 
36 5 0 0 0 0 0 0 0 0 0 0 0 
37 5 0 0 0 0 0 0 0 0 0 0 0 
38 5 0 0 0 0 0 0 0 0 0 0 0 
39 5 0 0 0 0 0 0 0 0 0 0 0 
40 5 0 0 0 0 0 0 0 0 0 0 0 
41 5 -1 80 2 24 -1 -1 -1 -1 -1 0 22 
42 5 4 0 0 0 0 0 0 0 0 0 0 
43 5 0 0 0 0 0 0 0 0 0 0 0 
44 5 0 0 0 0 0 0 0 0 0 0 0 
45 5 -1 290 0 76 -1 -1 -1 -1 -1 0 -13 
46 5 -1 12 3 36 -1 -1 -1 -1 -1 0 -10 
47 5 0 0 0 0 0 0 0 0 0 0 0 
48 5 0 0 0 0 0 0 0 0 0 0 0 
49 5 0 0 0 0 0 0 0 0 0 0 0 
50 5 0 0 0 0 0 0 0 0 0 0 0 
51 5 0 0 0 0 0 0 0 0 0 0 0 
52 5 0 0 0 0 0 0 0 0 0 0 0 
53 5 0 0 0 0 0 0 0 0 0 0 0 
54 5 0 0 0 0 0 0 0 0 0 0 0 
55 5 21 0 0 0 0 0 0 0 0 0 0 
56 5 -1 123 2 34 -1 -1 -1 -1 -1 0 32 
57 5 0 0 0 0 0 0 0 0 0 0 0 
58 5 0 0 0 0 0 0 0 0 0 0 0 
59 5 42 0 0 0 0 0 0 0 0 0 0 
60 5 -1 168 3 22 -1 -1 -1 -1 -1 0 -8 
61 5 -1 47 2 57 -1 -1 -1 -1 -1 0 -53 
62 5 -1 97 2 54 -1 -1 -1 -1 -1 0 -31 
63 6 0 0 0 0 0 0 0 0 0 0 0 
64 6 0 0 0 0 0 0 0 0 0 0 0 
65 6 0 0 0 0 0 0 0 0 0 0 0 
66 6 0 0 0 0 0 0 0 0 0 0 0 
67 6 0 0 0 0 0 0 0 0 0 0 0 
68 6 0 0 0 0 0 0 0 0 0 0 0 
69 6 0 0 0 0 0 0 0 0 0 0 0 
70 6 0 0 0 0 0 0 0 0 0 0 0 
71 6 0 0 0 0 0 0 0 0 0 0 0 
72 6 0 0 0 0 0 0 0 0 0 0 0 
73 6 0 0 0 0 0 0 0 0 0 0 0 
74 6 0 0 0 0 0 0 0 0 0 0 0 
75 6 0 0 0 0 0 0 0 0 0 0 0 
76 6 0 0 0 0 0 0 0 0 0 0 0 
77 6 0 0 0 0 0 0 0 0 0 0 0 
78 6 0 0 0 0 0 0 0 0 0 0 0 
79 6 0 0 0 0 0 0 0 0 0 0 0 
80 6 0 0 0 0 0 0 0 0 0 0 0 
81 6 0 0 0 0 0 0 0 0 0 0 0 
82 6 0 0 0 0 0 0 0 0 0 0 0 
83 6 2 0 0 0 0 0 0 0 0 0 0 
84 6 3 0 0 0 0 0 0 0 0 0 0 
85 6 0 0 0 0 0 0 0 0 0 0 0 
86 6 0 0 0 0 0 0 0 0 0 0 0 
87 6 0 0 0 0 0 0 0 0 0 0 0 
88 6 0 0 0 0 0 0 0 0 0 0 0 
89 6 0 0 0 0 0 0 0 0 0 0 0 
90 6 0 0 0 0 0 0 0 0 0 0 0 
91 6 -1 158 0 30 -1 -1 -1 -1 -1 0 -20 
92 6 -1 66 2 51 -1 -1 -1 -1 -1 0 -31 
93 6 -1 89 2 45 -1 -1 -1 -1 -1 0 -12 
94 6 19 0 0 0 0 0 0 0 0 0 0 
95 6 0 0 0 0 0 0 0 0 0 0 0 
96 6 0 0 0 0 0 0 0 0 0 0 0 
97 6 0 0 0 0 0 0 0 0 0 0 0 
98 6 0 0 0 0 0 0 0 0 0 0 0 
99 6 0 0 0 0 0 0 0 0 0 0 0 
100 6 0 0 0 0 0 0 0 0 0 0 0 
101 6 0 0 0 0 0 0 0 0 0 0 0 
102 6 0 0 0 0 0 0 0 0 0 0 0 
103 6 0 0 0 0 0 0 0 0 0 0 0 
104 6 0 0 0 0 0 0 0 0 0 0 0 
105 6 0 0 0 0 0 0 0 0 0 0 0 
106 6 0 0 0 0 0 0 0 0 0 0 0 
107 6 0 0 0 0 0 0 0 0 0 0 0 
108 6 0 0 0 0 0 0 0 0 0 0 0 
109 6 0 0 0 0 0 0 0 0 0 0 0 
110 6 0 0 0 0 0 0 0 0 0 0 0 
111 6 0 0 0 0 0 0 0 0 0 0 0 
112 6 0 0 0 0 0 0 0 0 0 0 0 
113 6 -1 341 3 40 -1 -1 -1 -1 -1 0 -9 
114 6 -1 330 2 35 -1 -1 -1 -1 -1 0 36 
115 6 0 0 0 0 0 0 0 0 0 0 0 
116 6 0 0 0 0 0 0 0 0 0 0 0 
117 6 0 0 0 0 0 0 0 0 0 0 0 
118 6 0 0 0 0 0 0 0 0 0 0 0 
119 6 0 0 0 0 0 0 0 0 0 0 0 
120 6 0 0 0 0 0 0 0 0 0 0 0 
121 6 43 0 0 0 0 0 0 0 0 0 0 
122 6 -1 182 0 31 -1 -1 -1 -1 -1 0 -6 
123 6 -1 320 2 69 -1 -1 -1 -1 -1 0 -103 
124 6 -1 314 3 40 -1 -1 -1 -1 -1 0 -8 
125 6 -1 330 4 71 -1 -1 -1 -1 -1 0 2465 
126 6 69 0 0 0 0 0 0 0 0 0 0 
127 7 0 0 0 0 0 0 0 0 0 0 0 
128 7 0 0 0 0 0 0 0 0 0 0 0 
129 7 0 0 0 0 0 0 0 0 0 0 0 
130 7 0 0 0 0 0 0 0 0 0 0 0 
131 7 0 0 0 0 0 0 0 0 0 0 0 
132 7 0 0 0 0 0 0 0 0 0 0 0 
133 7 0 0 0 0 0 0 0 0 0 0 0 
134 7 0 0 0 0 0 0 0 0 0 0 0 
135 7 0 0 0 0 0 0 0 0 0 0 0 
136 7 0 0 0 0 0 0 0 0 0 0 0 
137 7 0 0 0 0 0 0 0 0 0 0 0 
138 7 0 0 0 0 0 0 0 0 0 0 0 
139 7 0 0 0 0 0 0 0 0 0 0 0 
140 7 0 0 0 0 0 0 0 0 0 0 0 
141 7 0 0 0 0 0 0 0 0 0 0 0 
142 7 0 0 0 0 0 0 0 0 0 0 0 
143 7 0 0 0 0 0 0 0 0 0 0 0 
144 7 0 0 0 0 0 0 0 0 0 0 0 
145 7 0 0 0 0 0 0 0 0 0 0 0 
146 7 0 0 0 0 0 0 0 0 0 0 0 
147 7 0 0 0 0 0 0 0 0 0 0 0 
148 7 0 0 0 0 0 0 0 0 0 0 0 
149 7 0 0 0 0 0 0 0 0 0 0 0 
150 7 0 0 0 0 0 0 0 0 0 0 0 
151 7 0 0 0 0 0 0 0 0 0 0 0 
152 7 0 0 0 0 0 0 0 0 0 0 0 
153 7 0 0 0 0 0 0 0 0 0 0 0 
154 7 0 0 0 0 0 0 0 0 0 0 0 
155 7 0 0 0 0 0 0 0 0 0 0 0 
156 7 0 0 0 0 0 0 0 0 0 0 0 
157 7 0 0 0 0 0 0 0 0 0 0 0 
158 7 0 0 0 0 0 0 0 0 0 0 0 
159 7 0 0 0 0 0 0 0 0 0 0 0 
160 7 0 0 0 0 0 0 0 0 0 0 0 
161 7 0 0 0 0 0 0 0 0 0 0 0 
162 7 0 0 0 0 0 0 0 0 0 0 0 
163 7 0 0 0 0 0 0 0 0 0 0 0 
164 7 0 0 0 0 0 0 0 0 0 0 0 
165 7 0 0 0 0 0 0 0 0 0 0 0 
166 7 0 0 0 0 0 0 0 0 0 0 0 
167 7 0 0 0 0 0 0 0 0 0 0 0 
168 7 0 0 0 0 0 0 0 0 0 0 0 
169 7 0 0 0 0 0 0 0 0 0 0 0 
170 7 0 0 0 0 0 0 0 0 0 0 0 
171 7 0 0 0 0 0 0 0 0 0 0 0 
172 7 0 0 0 0 0 0 0 0 0 0 0 
173 7 0 0 0 0 0 0 0 0 0 0 0 
174 7 0 0 0 0 0 0 0 0 0 0 0 
175 7 0 0 0 0 0 0 0 0 0 0 0 
176 7 0 0 0 0 0 0 0 0 0 0 0 
177 7 0 0 0 0 0 0 0 0 0 0 0 
178 7 0 0 0 0 0 0 0 0 0 0 0 
179 7 0 0 0 0 0 0 0 0 0 0 0 
180 7 0 0 0 0 0 0 0 0 0 0 0 
181 7 0 0 0 0 0 0 0 0 0 0 0 
182 7 0 0 0 0 0 0 0 0 0 0 0 
183 7 -1 200 3 32 -1 -1 -1 -1 -1 0 6 
184 7 -1 130 1 25 -1 -1 -1 -1 -1 0 1 
185 7 -1 228 3 21 -1 -1 -1 -1 -1 0 -8 
186 7 15 0 0 0 0 0 0 0 0 0 0 
187 7 16 0 0 0 0 0 0 0 0 0 0 
188 7 -1 2 1 38 -1 -1 -1 -1 -1 0 5 
189 7 0 0 0 0 0 0 0 0 0 0 0 
190 7 0 0 0 0 0 0 0 0 0 0 0 
191 7 0 0 0 0 0 0 0 0 0 0 0 
192 7 0 0 0 0 0 0 0 0 0 0 0 
193 7 0 0 0 0 0 0 0 0 0 0 0 
194 7 0 0 0 0 0 0 0 0 0 0 0 
195 7 0 0 0 0 0 0 0 0 0 0 0 
196 7 0 0 0 0 0 0 0 0 0 0 0 
197 7 0 0 0 0 0 0 0 0 0 0 0 
198 7 0 0 0 0 0 0 0 0 0 0 0 
199 7 0 0 0 0 0 0 0 0 0 0 0 
200 7 0 0 0 0 0 0 0 0 0 0 0 
201 7 0 0 0 0 0 0 0 0 0 0 0 
202 7 0 0 0 0 0 0 0 0 0 0 0 
203 7 0 0 0 0 0 0 0 0 0 0 0 
204 7 0 0 0 0 0 0 0 0 0 0 0 
205 7 0 0 0 0 0 0 0 0 0 0 0 
206 7 0 0 0 0 0 0 0 0 0 0 0 
207 7 0 0 0 0 0 0 0 0 0 0 0 
208 7 0 0 0 0 0 0 0 0 0 0 0 
209 7 0 0 0 0 0 0 0 0 0 0 0 
210 7 0 0 0 0 0 0 0 0 0 0 0 
211 7 0 0 0 0 0 0 0 0 0 0 0 
212 7 0 0 0 0 0 0 0 0 0 0 0 
213 7 0 0 0 0 0 0 0 0 0 0 0 
214 7 0 0 0 0 0 0 0 0 0 0 0 
215 7 0 0 0 0 0 0 0 0 0 0 0 
216 7 0 0 0 0 0 0 0 0 0 0 0 
217 7 0 0 0 0 0 0 0 0 0 0 0 
218 7 0 0 0 0 0 0 0 0 0 0 0 
219 7 0 0 0 0 0 0 0 0 0 0 0 
220 7 0 0 0 0 0 0 0 0 0 0 0 
221 7 0 0 0 0 0 0 0 0 0 0 0 
222 7 0 0 0 0 0 0 0 0 0 0 0 
223 7 0 0 0 0 0 0 0 0 0 0 0 
224 7 0 0 0 0 0 0 0 0 0 0 0 
225 7 0 0 0 0 0 0 0 0 0 0 0 
226 7 0 0 0 0 0 0 0 0 0 0 0 
227 7 -1 345 3 59 -1 -1 -1 -1 -1 0 -20 
228 7 -1 56 4 41 -1 -1 -1 -1 -1 0 778 
229 7 -1 133 1 23 -1 -1 -1 -1 -1 0 8 
230 7 40 0 0 0 0 0 0 0 0 0 0 
231 7 0 0 0 0 0 0 0 0 0 0 0 
232 7 0 0 0 0 0 0 0 0 0 0 0 
233 7 0 0 0 0 0 0 0 0 0 0 0 
234 7 0 0 0 0 0 0 0 0 0 0 0 
235 7 0 0 0 0 0 0 0 0 0 0 0 
236 7 0 0 0 0 0 0 0 0 0 0 0 
237 7 0 0 0 0 0 0 0 0 0 0 0 
238 7 0 0 0 0 0 0 0 0 0 0 0 
239 7 0 0 0 0 0 0 0 0 0 0 0 
240 7 0 0 0 0 0 0 0 0 0 0 0 
241 7 0 0 0 0 0 0 0 0 0 0 0 
242 7 0 0 0 0 0 0 0 0 0 0 0 
243 7 0 0 0 0 0 0 0 0 0 0 0 
244 7 0 0 0 0 0 0 0 0 0 0 0 
245 7 -1 153 4 75 -1 -1 -1 -1 -1 0 3877 
246 7 46 0 0 0 0 0 0 0 0 0 0 
247 7 -1 115 2 79 -1 -1 -1 -1 -1 0 -165 
248 7 -1 293 2 79 -1 -1 -1 -1 -1 0 -176 
249 7 58 0 0 0 0 0 0 0 0 0 0 
250 7 59 0 0 0 0 0 0 0 0 0 0 
251 7 -1 23 0 25 -1 -1 -1 -1 -1 0 -14 
252 7 -1 349 2 53 -1 -1 -1 -1 -1 0 -32 
253 7 0 0 0 0 0 0 0 0 0 0 0 
254 7 0 0 0 0 0 0 0 0 0 0 0 
255 8 0 0 0 0 0 0 0 0 0 0 0 
256 8 0 0 0 0 0 0 0 0 0 0 0 
257 8 0 0 0 0 0 0 0 0 0 0 0 
258 8 0 0 0 0 0 0 0 0 0 0 0 
259 8 0 0 0 0 0 0 0 0 0 0 0 
260 8 0 0 0 0 0 0 0 0 0 0 0 
261 8 0 0 0 0 0 0 0 0 0 0 0 
262 8 0 0 0 0 0 0 0 0 0 0 0 
263 8 0 0 0 0 0 0 0 0 0 0 0 
264 8 0 0 0 0 0 0 0 0 0 0 0 
265 8 0 0 0 0 0 0 0 0 0 0 0 
266 8 0 0 0 0 0 0 0 0 0 0 0 
267 8 0 0 0 0 0 0 0 0 0 0 0 
268 8 0 0 0 0 0 0 0 0 0 0 0 
269 8 0 0 0 0 0 0 0 0 0 0 0 
270 8 0 0 0 0 0 0 0 0 0 0 0 
271 8 0 0 0 0 0 0 0 0 0 0 0 
272 8 0 0 0 0 0 0 0 0 0 0 0 
273 8 0 0 0 0 0 0 0 0 0 0 0 
274 8 0 0 0 0 0 0 0 0 0 0 0 
275 8 0 0 0 0 0 0 0 0 0 0 0 
276 8 0 0 0 0 0 0 0 0 0 0 0 
277 8 0 0 0 0 0 0 0 0 0 0 0 
278 8 0 0 0 0 0 0 0 0 0 0 0 
279 8 0 0 0 0 0 0 0 0 0 0 0 
280 8 0 0 0 0 0 0 0 0 0 0 0 
281 8 0 0 0 0 0 0 0 0 0 0 0 
282 8 0 0 0 0 0 0 0 0 0 0 0 
283 8 0 0 0 0 0 0 0 0 0 0 0 
284 8 0 0 0 0 0 0 0 0 0 0 0 
285 8 0 0 0 0 0 0 0 0 0 0 0 
286 8 0 0 0 0 0 0 0 0 0 0 0 
287 8 0 0 0 0 0 0 0 0 0 0 0 
288 8 0 0 0 0 0 0 0 0 0 0 0 
289 8 0 0 0 0 0 0 0 0 0 0 0 
290 8 0 0 0 0 0 0 0 0 0 0 0 
291 8 0 0 0 0 0 0 0 0 0 0 0 
292 8 0 0 0 0 0 0 0 0 0 0 0 
293 8 0 0 0 0 0 0 0 0 0 0 0 
294 8 0 0 0 0 0 0 0 0 0 0 0 
295 8 0 0 0 0 0 0 0 0 0 0 0 
296 8 0 0 0 0 0 0 0 0 0 0 0 
297 8 0 0 0 0 0 0 0 0 0 0 0 
298 8 0 0 0 0 0 0 0 0 0 0 0 
299 8 0 0 0 0 0 0 0 0 0 0 0 
300 8 0 0 0 0 0 0 0 0 0 0 0 
301 8 0 0 0 0 0 0 0 0 0 0 0 
302 8 0 0 0 0 0 0 0 0 0 0 0 
303 8 0 0 0 0 0 0 0 0 0 0 0 
304 8 0 0 0 0 0 0 0 0 0 0 0 
305 8 0 0 0 0 0 0 0 0 0 0 0 
306 8 0 0 0 0 0 0 0 0 0 0 0 
307 8 0 0 0 0 0 0 0 0 0 0 0 
308 8 0 0 0 0 0 0 0 0 0 0 0 
309 8 0 0 0 0 0 0 0 0 0 0 0 
310 8 0 0 0 0 0 0 0 0 0 0 0 
311 8 0 0 0 0 0 0 0 0 0 0 0 
312 8 0 0 0 0 0 0 0 0 0 0 0 
313 8 0 0 0 0 0 0 0 0 0 0 0 
314 8 0 0 0 0 0 0 0 0 0 0 0 
315 8 0 0 0 0 0 0 0 0 0 0 0 
316 8 0 0 0 0 0 0 0 0 0 0 0 
317 8 0 0 0 0 0 0 0 0 0 0 0 
318 8 0 0 0 0 0 0 0 0 0 0 0 
319 8 0 0 0 0 0 0 0 0 0 0 0 
320 8 0 0 0 0 0 0 0 0 0 0 0 
321 8 0 0 0 0 0 0 0 0 0 0 0 
322 8 0 0 0 0 0 0 0 0 0 0 0 
323 8 0 0 0 0 0 0 0 0 0 0 0 
324 8 0 0 0 0 0 0 0 0 0 0 0 
325 8 0 0 0 0 0 0 0 0 0 0 0 
326 8 0 0 0 0 0 0 0 0 0 0 0 
327 8 0 0 0 0 0 0 0 0 0 0 0 
328 8 0 0 0 0 0 0 0 0 0 0 0 
329 8 0 0 0 0 0 0 0 0 0 0 0 
330 8 0 0 0 0 0 0 0 0 0 0 0 
331 8 0 0 0 0 0 0 0 0 0 0 0 
332 8 0 0 0 0 0 0 0 0 0 0 0 
333 8 0 0 0 0 0 0 0 0 0 0 0 
334 8 0 0 0 0 0 0 0 0 0 0 0 
335 8 0 0 0 0 0 0 0 0 0 0 0 
336 8 0 0 0 0 0 0 0 0 0 0 0 
337 8 0 0 0 0 0 0 0 0 0 0 0 
338 8 0 0 0 0 0 0 0 0 0 0 0 
339 8 0 0 0 0 0 0 0 0 0 0 0 
340 8 0 0 0 0 0 0 0 0 0 0 0 
341 8 0 0 0 0 0 0 0 0 0 0 0 
342 8 0 0 0 0 0 0 0 0 0 0 0 
343 8 0 0 0 0 0 0 0 0 0 0 0 
344 8 0 0 0 0 0 0 0 0 0 0 0 
345 8 0 0 0 0 0 0 0 0 0 0 0 
346 8 0 0 0 0 0 0 0 0 0 0 0 
347 8 0 0 0 0 0 0 0 0 0 0 0 
348 8 0 0 0 0 0 0 0 0 0 0 0 
349 8 0 0 0 0 0 0 0 0 0 0 0 
350 8 0 0 0 0 0 0 0 0 0 0 0 
351 8 0 0 0 0 0 0 0 0 0 0 0 
352 8 0 0 0 0 0 0 0 0 0 0 0 
353 8 0 0 0 0 0 0 0 0 0 0 0 
354 8 0 0 0 0 0 0 0 0 0 0 0 
355 8 0 0 0 0 0 0 0 0 0 0 0 
356 8 0 0 0 0 0 0 0 0 0 0 0 
357 8 0 0 0 0 0 0 0 0 0 0 0 
358 8 0 0 0 0 0 0 0 0 0 0 0 
359 8 0 0 0 0 0 0 0 0 0 0 0 
360 8 0 0 0 0 0 0 0 0 0 0 0 
361 8 0 0 0 0 0 0 0 0 0 0 0 
362 8 0 0 0 0 0 0 0 0 0 0 0 
363 8 0 0 0 0 0 0 0 0 0 0 0 
364 8 0 0 0 0 0 0 0 0 0 0 0 
365 8 0 0 0 0 0 0 0 0 0 0 0 
366 8 0 0 0 0 0 0 0 0 0 0 0 
367 8 -1 338 1 26 -1 -1 -1 -1 -1 0 6 
368 8 9 0 0 0 0 0 0 0 0 0 0 
369 8 10 0 0 0 0 0 0 0 0 0 0 
370 8 11 0 0 0 0 0 0 0 0 0 0 
371 8 -1 125 0 63 -1 -1 -1 -1 -1 0 -15 
372 8 14 0 0 0 0 0 0 0 0 0 0 
373 8 0 0 0 0 0 0 0 0 0 0 0 
374 8 0 0 0 0 0 0 0 0 0 0 0 
375 8 0 0 0 0 0 0 0 0 0 0 0 
376 8 0 0 0 0 0 0 0 0 0 0 0 
377 8 17 0 0 0 0 0 0 0 0 0 0 
378 8 18 0 0 0 0 0 0 0 0 0 0 
379 8 0 0 0 0 0 0 0 0 0 0 0 
380 8 0 0 0 0 0 0 0 0 0 0 0 
381 8 0 0 0 0 0 0 0 0 0 0 0 
382 8 0 0 0 0 0 0 0 0 0 0 0 
383 8 0 0 0 0 0 0 0 0 0 0 0 
384 8 0 0 0 0 0 0 0 0 0 0 0 
385 8 0 0 0 0 0 0 0 0 0 0 0 
386 8 0 0 0 0 0 0 0 0 0 0 0 
387 8 0 0 0 0 0 0 0 0 0 0 0 
388 8 0 0 0 0 0 0 0 0 0 0 0 
389 8 0 0 0 0 0 0 0 0 0 0 0 
390 8 0 0 0 0 0 0 0 0 0 0 0 
391 8 0 0 0 0 0 0 0 0 0 0 0 
392 8 0 0 0 0 0 0 0 0 0 0 0 
393 8 0 0 0 0 0 0 0 0 0 0 0 
394 8 0 0 0 0 0 0 0 0 0 0 0 
395 8 0 0 0 0 0 0 0 0 0 0 0 
396 8 0 0 0 0 0 0 0 0 0 0 0 
397 8 0 0 0 0 0 0 0 0 0 0 0 
398 8 0 0 0 0 0 0 0 0 0 0 0 
399 8 0 0 0 0 0 0 0 0 0 0 0 
400 8 0 0 0 0 0 0 0 0 0 0 0 
401 8 0 0 0 0 0 0 0 0 0 0 0 
402 8 0 0 0 0 0 0 0 0 0 0 0 
403 8 0 0 0 0 0 0 0 0 0 0 0 
404 8 0 0 0 0 0 0 0 0 0 0 0 
405 8 0 0 0 0 0 0 0 0 0 0 0 
406 8 0 0 0 0 0 0 0 0 0 0 0 
407 8 0 0 0 0 0 0 0 0 0 0 0 
408 8 0 0 0 0 0 0 0 0 0 0 0 
409 8 0 0 0 0 0 0 0 0 0 0 0 
410 8 0 0 0 0 0 0 0 0 0 0 0 
411 8 0 0 0 0 0 0 0 0 0 0 0 
412 8 0 0 0 0 0 0 0 0 0 0 0 
413 8 0 0 0 0 0 0 0 0 0 0 0 
414 8 0 0 0 0 0 0 0 0 0 0 0 
415 8 0 0 0 0 0 0 0 0 0 0 0 
416 8 0 0 0 0 0 0 0 0 0 0 0 
417 8 0 0 0 0 0 0 0 0 0 0 0 
418 8 0 0 0 0 0 0 0 0 0 0 0 
419 8 0 0 0 0 0 0 0 0 0 0 0 
420 8 0 0 0 0 0 0 0 0 0 0 0 
421 8 0 0 0 0 0 0 0 0 0 0 0 
422 8 0 0 0 0 0 0 0 0 0 0 0 
423 8 0 0 0 0 0 0 0 0 0 0 0 
424 8 0 0 0 0 0 0 0 0 0 0 0 
425 8 0 0 0 0 0 0 0 0 0 0 0 
426 8 0 0 0 0 0 0 0 0 0 0 0 
427 8 0 0 0 0 0 0 0 0 0 0 0 
428 8 0 0 0 0 0 0 0 0 0 0 0 
429 8 0 0 0 0 0 0 0 0 0 0 0 
430 8 0 0 0 0 0 0 0 0 0 0 0 
431 8 0 0 0 0 0 0 0 0 0 0 0 
432 8 0 0 0 0 0 0 0 0 0 0 0 
433 8 0 0 0 0 0 0 0 0 0 0 0 
434 8 0 0 0 0 0 0 0 0 0 0 0 
435 8 0 0 0 0 0 0 0 0 0 0 0 
436 8 0 0 0 0 0 0 0 0 0 0 0 
437 8 0 0 0 0 0 0 0 0 0 0 0 
438 8 0 0 0 0 0 0 0 0 0 0 0 
439 8 0 0 0 0 0 0 0 0 0 0 0 
440 8 0 0 0 0 0 0 0 0 0 0 0 
441 8 0 0 0 0 0 0 0 0 0 0 0 
442 8 0 0 0 0 0 0 0 0 0 0 0 
443 8 0 0 0 0 0 0 0 0 0 0 0 
444 8 0 0 0 0 0 0 0 0 0 0 0 
445 8 0 0 0 0 0 0 0 0 0 0 0 
446 8 0 0 0 0 0 0 0 0 0 0 0 
447 8 0 0 0 0 0 0 0 0 0 0 0 
448 8 0 0 0 0 0 0 0 0 0 0 0 
449 8 0 0 0 0 0 0 0 0 0 0 0 
450 8 0 0 0 0 0 0 0 0 0 0 0 
451 8 0 0 0 0 0 0 0 0 0 0 0 
452 8 0 0 0 0 0 0 0 0 0 0 0 
453 8 0 0 0 0 0 0 0 0 0 0 0 
454 8 0 0 0 0 0 0 0 0 0 0 0 
455 8 -1 102 2 40 -1 -1 -1 -1 -1 0 -3 
456 8 -1 19 0 36 -1 -1 -1 -1 -1 0 -3 
457 8 -1 213 0 45 -1 -1 -1 -1 -1 0 -4 
458 8 -1 119 2 79 -1 -1 -1 -1 -1 0 -149 
459 8 35 0 0 0 0 0 0 0 0 0 0 
460 8 -1 106 2 45 -1 -1 -1 -1 -1 0 -23 
461 8 0 0 0 0 0 0 0 0 0 0 0 
462 8 0 0 0 0 0 0 0 0 0 0 0 
463 8 0 0 0 0 0 0 0 0 0 0 0 
464 8 0 0 0 0 0 0 0 0 0 0 0 
465 8 0 0 0 0 0 0 0 0 0 0 0 
466 8 0 0 0 0 0 0 0 0 0 0 0 
467 8 0 0 0 0 0 0 0 0 0 0 0 
468 8 0 0 0 0 0 0 0 0 0 0 0 
469 8 0 0 0 0 0 0 0 0 0 0 0 
470 8 0 0 0 0 0 0 0 0 0 0 0 
471 8 0 0 0 0 0 0 0 0 0 0 0 
472 8 0 0 0 0 0 0 0 0 0 0 0 
473 8 0 0 0 0 0 0 0 0 0 0 0 
474 8 0 0 0 0 0 0 0 0 0 0 0 
475 8 0 0 0 0 0 0 0 0 0 0 0 
476 8 0 0 0 0 0 0 0 0 0 0 0 
477 8 0 0 0 0 0 0 0 0 0 0 0 
478 8 0 0 0 0 0 0 0 0 0 0 0 
479 8 0 0 0 0 0 0 0 0 0 0 0 
480 8 0 0 0 0 0 0 0 0 0 0 0 
481 8 0 0 0 0 0 0 0 0 0 0 0 
482 8 0 0 0 0 0 0 0 0 0 0 0 
483 8 0 0 0 0 0 0 0 0 0 0 0 
484 8 0 0 0 0 0 0 0 0 0 0 0 
485 8 0 0 0 0 0 0 0 0 0 0 0 
486 8 0 0 0 0 0 0 0 0 0 0 0 
487 8 0 0 0 0 0 0 0 0 0 0 0 
488 8 0 0 0 0 0 0 0 0 0 0 0 
489 8 0 0 0 0 0 0 0 0 0 0 0 
490 8 0 0 0 0 0 0 0 0 0 0 0 
491 8 44 0 0 0 0 0 0 0 0 0 0 
492 8 45 0 0 0 0 0 0 0 0 0 0 
493 8 0 0 0 0 0 0 0 0 0 0 0 
494 8 0 0 0 0 0 0 0 0 0 0 0 
495 8 -1 312 2 42 -1 -1 -1 -1 -1 0 -20 
496 8 -1 81 3 69 -1 -1 -1 -1 -1 0 -3 
497 8 54 0 0 0 0 0 0 0 0 0 0 
498 8 -1 244 4 27 -1 -1 -1 -1 -1 0 1119 
499 8 0 0 0 0 0 0 0 0 0 0 0 
500 8 0 0 0 0 0 0 0 0 0 0 0 
501 8 0 0 0 0 0 0 0 0 0 0 0 
502 8 0 0 0 0 0 0 0 0 0 0 0 
503 8 60 0 0 0 0 0 0 0 0 0 0 
504 8 -1 46 2 65 -1 -1 -1 -1 -1 0 -74 
505 8 -1 214 0 61 -1 -1 -1 -1 -1 0 -2 
506 8 68 0 0 0 0 0 0 0 0 0 0 
507 8 0 0 0 0 0 0 0 0 0 0 0 
508 8 0 0 0 0 0 0 0 0 0 0 0 
509 8 0 0 0 0 0 0 0 0 0 0 0 
510 8 0 0 0 0 0 0 0 0 0 0 0 
511 9 0 0 0 0 0 0 0 0 0 0 0 
512 9 0 0 0 0 0 0 0 0 0 0 0 
513 9 0 0 0 0 0 0 0 0 0 0 0 
514 9 0 0 0 0 0 0 0 0 0 0 0 
515 9 0 0 0 0 0 0 0 0 0 0 0 
516 9 0 0 0 0 0 0 0 0 0 0 0 
517 9 0 0 0 0 0 0 0 0 0 0 0 
518 9 0 0 0 0 0 0 0 0 0 0 0 
519 9 0 0 0 0 0 0 0 0 0 0 0 
520 9 0 0 0 0 0 0 0 0 0 0 0 
521 9 0 0 0 0 0 0 0 0 0 0 0 
522 9 0 0 0 0 0 0 0 0 0 0 0 
523 9 0 0 0 0 0 0 0 0 0 0 0 
524 9 0 0 0 0 0 0 0 0 0 0 0 
525 9 0 0 0 0 0 0 0 0 0 0 0 
526 9 0 0 0 0 0 0 0 0 0 0 0 
527 9 0 0 0 0 0 0 0 0 0 0 0 
528 9 0 0 0 0 0 0 0 0 0 0 0 
529 9 0 0 0 0 0 0 0 0 0 0 0 
530 9 0 0 0 0 0 0 0 0 0 0 0 
531 9 0 0 0 0 0 0 0 0 0 0 0 
532 9 0 0 0 0 0 0 0 0 0 0 0 
533 9 0 0 0 0 0 0 0 0 0 0 0 
534 9 0 0 0 0 0 0 0 0 0 0 0 
535 9 0 0 0 0 0 0 0 0 0 0 0 
536 9 0 0 0 0 0 0 0 0 0 0 0 
537 9 0 0 0 0 0 0 0 0 0 0 0 
538 9 0 0 0 0 0 0 0 0 0 0 0 
539 9 0 0 0 0 0 0 0 0 0 0 0 
540 9 0 0 0 0 0 0 0 0 0 0 0 
541 9 0 0 0 0 0 0 0 0 0 0 0 
542 9 0 0 0 0 0 0 0 0 0 0 0 
543 9 0 0 0 0 0 0 0 0 0 0 0 
544 9 0 0 0 0 0 0 0 0 0 0 0 
545 9 0 0 0 0 0 0 0 0 0 0 0 
546 9 0 0 0 0 0 0 0 0 0 0 0 
547 9 0 0 0 0 0 0 0 0 0 0 0 
548 9 0 0 0 0 0 0 0 0 0 0 0 
549 9 0 0 0 0 0 0 0 0 0 0 0 
550 9 0 0 0 0 0 0 0 0 0 0 0 
551 9 0 0 0 0 0 0 0 0 0 0 0 
552 9 0 0 0 0 0 0 0 0 0 0 0 
553 9 0 0 0 0 0 0 0 0 0 0 0 
554 9 0 0 0 0 0 0 0 0 0 0 0 
555 9 0 0 0 0 0 0 0 0 0 0 0 
556 9 0 0 0 0 0 0 0 0 0 0 0 
557 9 0 0 0 0 0 0 0 0 0 0 0 
558 9 0 0 0 0 0 0 0 0 0 0 0 
559 9 0 0 0 0 0 0 0 0 0 0 0 
560 9 0 0 0 0 0 0 0 0 0 0 0 
561 9 0 0 0 0 0 0 0 0 0 0 0 
562 9 0 0 0 0 0 0 0 0 0 0 0 
563 9 0 0 0 0 0 0 0 0 0 0 0 
564 9 0 0 0 0 0 0 0 0 0 0 0 
565 9 0 0 0 0 0 0 0 0 0 0 0 
566 9 0 0 0 0 0 0 0 0 0 0 0 
567 9 0 0 0 0 0 0 0 0 0 0 0 
568 9 0 0 0 0 0 0 0 0 0 0 0 
569 9 0 0 0 0 0 0 0 0 0 0 0 
570 9 0 0 0 0 0 0 0 0 0 0 0 
571 9 0 0 0 0 0 0 0 0 0 0 0 
572 9 0 0 0 0 0 0 0 0 0 0 0 
573 9 0 0 0 0 0 0 0 0 0 0 0 
574 9 0 0 0 0 0 0 0 0 0 0 0 
575 9 0 0 0 0 0 0 0 0 0 0 0 
576 9 0 0 0 0 0 0 0 0 0 0 0 
577 9 0 0 0 0 0 0 0 0 0 0 0 
578 9 0 0 0 0 0 0 0 0 0 0 0 
579 9 0 0 0 0 0 0 0 0 0 0 0 
580 9 0 0 0 0 0 0 0 0 0 0 0 
581 9 0 0 0 0 0 0 0 0 0 0 0 
582 9 0 0 0 0 0 0 0 0 0 0 0 
583 9 0 0 0 0 0 0 0 0 0 0 0 
584 9 0 0 0 0 0 0 0 0 0 0 0 
585 9 0 0 0 0 0 0 0 0 0 0 0 
586 9 0 0 0 0 0 0 0 0 0 0 0 
587 9 0 0 0 0 0 0 0 0 0 0 0 
588 9 0 0 0 0 0 0 0 0 0 0 0 
589 9 0 0 0 0 0 0 0 0 0 0 0 
590 9 0 0 0 0 0 0 0 0 0 0 0 
591 9 0 0 0 0 0 0 0 0 0 0 0 
592 9 0 0 0 0 0 0 0 0 0 0 0 
593 9 0 0 0 0 0 0 0 0 0 0 0 
594 9 0 0 0 0 0 0 0 0 0 0 0 
595 9 0 0 0 0 0 0 0 0 0 0 0 
596 9 0 0 0 0 0 0 0 0 0 0 0 
597 9 0 0 0 0 0 0 0 0 0 0 0 
598 9 0 0 0 0 0 0 0 0 0 0 0 
599 9 0 0 0 0 0 0 0 0 0 0 0 
600 9 0 0 0 0 0 0 0 0 0 0 0 
601 9 0 0 0 0 0 0 0 0 0 0 0 
602 9 0 0 0 0 0 0 0 0 0 0 0 
603 9 0 0 0 0 0 0 0 0 0 0 0 
604 9 0 0 0 0 0 0 0 0 0 0 0 
605 9 0 0 0 0 0 0 0 0 0 0 0 
606 9 0 0 0 0 0 0 0 0 0 0 0 
607 9 0 0 0 0 0 0 0 0 0 0 0 
608 9 0 0 0 0 0 0 0 0 0 0 0 
609 9 0 0 0 0 0 0 0 0 0 0 0 
610 9 0 0 0 0 0 0 0 0 0 0 0 
611 9 0 0 0 0 0 0 0 0 0 0 0 
612 9 0 0 0 0 0 0 0 0 0 0 0 
613 9 0 0 0 0 0 0 0 0 0 0 0 
614 9 0 0 0 0 0 0 0 0 0 0 0 
615 9 0 0 0 0 0 0 0 0 0 0 0 
616 9 0 0 0 0 0 0 0 0 0 0 0 
617 9 0 0 0 0 0 0 0 0 0 0 0 
618 9 0 0 0 0 0 0 0 0 0 0 0 
619 9 0 0 0 0 0 0 0 0 0 0 0 
620 9 0 0 0 0 0 0 0 0 0 0 0 
621 9 0 0 0 0 0 0 0 0 0 0 0 
622 9 0 0 0 0 0 0 0 0 0 0 0 
623 9 0 0 0 0 0 0 0 0 0 0 0 
624 9 0 0 0 0 0 0 0 0 0 0 0 
625 9 0 0 0 0 0 0 0 0 0 0 0 
626 9 0 0 0 0 0 0 0 0 0 0 0 
627 9 0 0 0 0 0 0 0 0 0 0 0 
628 9 0 0 0 0 0 0 0 0 0 0 0 
629 9 0 0 0 0 0 0 0 0 0 0 0 
630 9 0 0 0 0 0 0 0 0 0 0 0 
631 9 0 0 0 0 0 0 0 0 0 0 0 
632 9 0 0 0 0 0 0 0 0 0 0 0 
633 9 0 0 0 0 0 0 0 0 0 0 0 
634 9 0 0 0 0 0 0 0 0 0 0 0 
635 9 0 0 0 0 0 0 0 0 0 0 0 
636 9 0 0 0 0 0 0 0 0 0 0 0 
637 9 0 0 0 0 0 0 0 0 0 0 0 
638 9 0 0 0 0 0 0 0 0 0 0 0 
639 9 0 0 0 0 0 0 0 0 0 0 0 
640 9 0 0 0 0 0 0 0 0 0 0 0 
641 9 0 0 0 0 0 0 0 0 0 0 0 
642 9 0 0 0 0 0 0 0 0 0 0 0 
643 9 0 0 0 0 0 0 0 0 0 0 0 
644 9 0 0 0 0 0 0 0 0 0 0 0 
645 9 0 0 0 0 0 0 0 0 0 0 0 
646 9 0 0 0 0 0 0 0 0 0 0 0 
647 9 0 0 0 0 0 0 0 0 0 0 0 
648 9 0 0 0 0 0 0 0 0 0 0 0 
649 9 0 0 0 0 0 0 0 0 0 0 0 
650 9 0 0 0 0 0 0 0 0 0 0 0 
651 9 0 0 0 0 0 0 0 0 0 0 0 
652 9 0 0 0 0 0 0 0 0 0 0 0 
653 9 0 0 0 0 0 0 0 0 0 0 0 
654 9 0 0 0 0 0 0 0 0 0 0 0 
655 9 0 0 0 0 0 0 0 0 0 0 0 
656 9 0 0 0 0 0 0 0 0 0 0 0 
657 9 0 0 0 0 0 0 0 0 0 0 0 
658 9 0 0 0 0 0 0 0 0 0 0 0 
659 9 0 0 0 0 0 0 0 0 0 0 0 
660 9 0 0 0 0 0 0 0 0 0 0 0 
661 9 0 0 0 0 0 0 0 0 0 0 0 
662 9 0 0 0 0 0 0 0 0 0 0 0 
663 9 0 0 0 0 0 0 0 0 0 0 0 
664 9 0 0 0 0 0 0 0 0 0 0 0 
665 9 0 0 0 0 0 0 0 0 0 0 0 
666 9 0 0 0 0 0 0 0 0 0 0 0 
667 9 0 0 0 0 0 0 0 0 0 0 0 
668 9 0 0 0 0 0 0 0 0 0 0 0 
669 9 0 0 0 0 0 0 0 0 0 0 0 
670 9 0 0 0 0 0 0 0 0 0 0 0 
671 9 0 0 0 0 0 0 0 0 0 0 0 
672 9 0 0 0 0 0 0 0 0 0 0 0 
673 9 0 0 0 0 0 0 0 0 0 0 0 
674 9 0 0 0 0 0 0 0 0 0 0 0 
675 9 0 0 0 0 0 0 0 0 0 0 0 
676 9 0 0 0 0 0 0 0 0 0 0 0 
677 9 0 0 0 0 0 0 0 0 0 0 0 
678 9 0 0 0 0 0 0 0 0 0 0 0 
679 9 0 0 0 0 0 0 0 0 0 0 0 
680 9 0 0 0 0 0 0 0 0 0 0 0 
681 9 0 0 0 0 0 0 0 0 0 0 0 
682 9 0 0 0 0 0 0 0 0 0 0 0 
683 9 0 0 0 0 0 0 0 0 0 0 0 
684 9 0 0 0 0 0 0 0 0 0 0 0 
685 9 0 0 0 0 0 0 0 0 0 0 0 
686 9 0 0 0 0 0 0 0 0 0 0 0 
687 9 0 0 0 0 0 0 0 0 0 0 0 
688 9 0 0 0 0 0 0 0 0 0 0 0 
689 9 0 0 0 0 0 0 0 0 0 0 0 
690 9 0 0 0 0 0 0 0 0 0 0 0 
691 9 0 0 0 0 0 0 0 0 0 0 0 
692 9 0 0 0 0 0 0 0 0 0 0 0 
693 9 0 0 0 0 0 0 0 0 0 0 0 
694 9 0 0 0 0 0 0 0 0 0 0 0 
695 9 0 0 0 0 0 0 0 0 0 0 0 
696 9 0 0 0 0 0 0 0 0 0 0 0 
697 9 0 0 0 0 0 0 0 0 0 0 0 
698 9 0 0 0 0 0 0 0 0 0 0 0 
699 9 0 0 0 0 0 0 0 0 0 0 0 
700 9 0 0 0 0 0 0 0 0 0 0 0 
701 9 0 0 0 0 0 0 0 0 0 0 0 
702 9 0 0 0 0 0 0 0 0 0 0 0 
703 9 0 0 0 0 0 0 0 0 0 0 0 
704 9 0 0 0 0 0 0 0 0 0 0 0 
705 9 0 0 0 0 0 0 0 0 0 0 0 
706 9 0 0 0 0 0 0 0 0 0 0 0 
707 9 0 0 0 0 0 0 0 0 0 0 0 
708 9 0 0 0 0 0 0 0 0 0 0 0 
709 9 0 0 0 0 0 0 0 0 0 0 0 
710 9 0 0 0 0 0 0 0 0 0 0 0 
711 9 0 0 0 0 0 0 0 0 0 0 0 
712 9 0 0 0 0 0 0 0 0 0 0 0 
713 9 0 0 0 0 0 0 0 0 0 0 0 
714 9 0 0 0 0 0 0 0 0 0 0 0 
715 9 0 0 0 0 0 0 0 0 0 0 0 
716 9 0 0 0 0 0 0 0 0 0 0 0 
717 9 0 0 0 0 0 0 0 0 0 0 0 
718 9 0 0 0 0 0 0 0 0 0 0 0 
719 9 0 0 0 0 0 0 0 0 0 0 0 
720 9 0 0 0 0 0 0 0 0 0 0 0 
721 9 0 0 0 0 0 0 0 0 0 0 0 
722 9 0 0 0 0 0 0 0 0 0 0 0 
723 9 0 0 0 0 0 0 0 0 0 0 0 
724 9 0 0 0 0 0 0 0 0 0 0 0 
725 9 0 0 0 0 0 0 0 0 0 0 0 
726 9 0 0 0 0 0 0 0 0 0 0 0 
727 9 0 0 0 0 0 0 0 0 0 0 0 
728 9 0 0 0 0 0 0 0 0 0 0 0 
729 9 0 0 0 0 0 0 0 0 0 0 0 
730 9 0 0 0 0 0 0 0 0 0 0 0 
731 9 0 0 0 0 0 0 0 0 0 0 0 
732 9 0 0 0 0 0 0 0 0 0 0 0 
733 9 0 0 0 0 0 0 0 0 0 0 0 
734 9 0 0 0 0 0 0 0 0 0 0 0 
735 9 -1 17 4 20 -1 -1 -1 -1 -1 0 187 
736 9 8 0 0 0 0 0 0 0 0 0 0 
737 9 0 0 0 0 0 0 0 0 0 0 0 
738 9 0 0 0 0 0 0 0 0 0 0 0 
739 9 0 0 0 0 0 0 0 0 0 0 0 
740 9 0 0 0 0 0 0 0 0 0 0 0 
741 9 0 0 0 0 0 0 0 0 0 0 0 
742 9 0 0 0 0 0 0 0 0 0 0 0 
743 9 12 0 0 0 0 0 0 0 0 0 0 
744 9 13 0 0 0 0 0 0 0 0 0 0 
745 9 0 0 0 0 0 0 0 0 0 0 0 
746 9 0 0 0 0 0 0 0 0 0 0 0 
747 9 0 0 0 0 0 0 0 0 0 0 0 
748 9 0 0 0 0 0 0 0 0 0 0 0 
749 9 0 0 0 0 0 0 0 0 0 0 0 
750 9 0 0 0 0 0 0 0 0 0 0 0 
751 9 0 0 0 0 0 0 0 0 0 0 0 
752 9 0 0 0 0 0 0 0 0 0 0 0 
753 9 0 0 0 0 0 0 0 0 0 0 0 
754 9 0 0 0 0 0 0 0 0 0 0 0 
755 9 0 0 0 0 0 0 0 0 0 0 0 
756 9 0 0 0 0 0 0 0 0 0 0 0 
757 9 0 0 0 0 0 0 0 0 0 0 0 
758 9 0 0 0 0 0 0 0 0 0 0 0 
759 9 0 0 0 0 0 0 0 0 0 0 0 
760 9 0 0 0 0 0 0 0 0 0 0 0 
761 9 0 0 0 0 0 0 0 0 0 0 0 
762 9 0 0 0 0 0 0 0 0 0 0 0 
763 9 0 0 0 0 0 0 0 0 0 0 0 
764 9 0 0 0 0 0 0 0 0 0 0 0 
765 9 0 0 0 0 0 0 0 0 0 0 0 
766 9 0 0 0 0 0 0 0 0 0 0 0 
767 9 0 0 0 0 0 0 0 0 0 0 0 
768 9 0 0 0 0 0 0 0 0 0 0 0 
769 9 0 0 0 0 0 0 0 0 0 0 0 
770 9 0 0 0 0 0 0 0 0 0 0 0 
771 9 0 0 0 0 0 0 0 0 0 0 0 
772 9 0 0 0 0 0 0 0 0 0 0 0 
773 9 0 0 0 0 0 0 0 0 0 0 0 
774 9 0 0 0 0 0 0 0 0 0 0 0 
775 9 0 0 0 0 0 0 0 0 0 0 0 
776 9 0 0 0 0 0 0 0 0 0 0 0 
777 9 0 0 0 0 0 0 0 0 0 0 0 
778 9 0 0 0 0 0 0 0 0 0 0 0 
779 9 0 0 0 0 0 0 0 0 0 0 0 
780 9 0 0 0 0 0 0 0 0 0 0 0 
781 9 0 0 0 0 0 0 0 0 0 0 0 
782 9 0 0 0 0 0 0 0 0 0 0 0 
783 9 0 0 0 0 0 0 0 0 0 0 0 
784 9 0 0 0 0 0 0 0 0 0 0 0 
785 9 0 0 0 0 0 0 0 0 0 0 0 
786 9 0 0 0 0 0 0 0 0 0 0 0 
787 9 0 0 0 0 0 0 0 0 0 0 0 
788 9 0 0 0 0 0 0 0 0 0 0 0 
789 9 0 0 0 0 0 0 0 0 0 0 0 
790 9 0 0 0 0 0 0 0 0 0 0 0 
791 9 0 0 0 0 0 0 0 0 0 0 0 
792 9 0 0 0 0 0 0 0 0 0 0 0 
793 9 0 0 0 0 0 0 0 0 0 0 0 
794 9 0 0 0 0 0 0 0 0 0 0 0 
795 9 0 0 0 0 0 0 0 0 0 0 0 
796 9 0 0 0 0 0 0 0 0 0 0 0 
797 9 0 0 0 0 0 0 0 0 0 0 0 
798 9 0 0 0 0 0 0 0 0 0 0 0 
799 9 0 0 0 0 0 0 0 0 0 0 0 
800 9 0 0 0 0 0 0 0 0 0 0 0 
801 9 0 0 0 0 0 0 0 0 0 0 0 
802 9 0 0 0 0 0 0 0 0 0 0 0 
803 9 0 0 0 0 0 0 0 0 0 0 0 
804 9 0 0 0 0 0 0 0 0 0 0 0 
805 9 0 0 0 0 0 0 0 0 0 0 0 
806 9 0 0 0 0 0 0 0 0 0 0 0 
807 9 0 0 0 0 0 0 0 0 0 0 0 
808 9 0 0 0 0 0 0 0 0 0 0 0 
809 9 0 0 0 0 0 0 0 0 0 0 0 
810 9 0 0 0 0 0 0 0 0 0 0 0 
811 9 0 0 0 0 0 0 0 0 0 0 0 
812 9 0 0 0 0 0 0 0 0 0 0 0 
813 9 0 0 0 0 0 0 0 0 0 0 0 
814 9 0 0 0 0 0 0 0 0 0 0 0 
815 9 0 0 0 0 0 0 0 0 0 0 0 
816 9 0 0 0 0 0 0 0 0 0 0 0 
817 9 0 0 0 0 0 0 0 0 0 0 0 
818 9 0 0 0 0 0 0 0 0 0 0 0 
819 9 0 0 0 0 0 0 0 0 0 0 0 
820 9 0 0 0 0 0 0 0 0 0 0 0 
821 9 0 0 0 0 0 0 0 0 0 0 0 
822 9 0 0 0 0 0 0 0 0 0 0 0 
823 9 0 0 0 0 0 0 0 0 0 0 0 
824 9 0 0 0 0 0 0 0 0 0 0 0 
825 9 0 0 0 0 0 0 0 0 0 0 0 
826 9 0 0 0 0 0 0 0 0 0 0 0 
827 9 0 0 0 0 0 0 0 0 0 0 0 
828 9 0 0 0 0 0 0 0 0 0 0 0 
829 9 0 0 0 0 0 0 0 0 0 0 0 
830 9 0 0 0 0 0 0 0 0 0 0 0 
831 9 0 0 0 0 0 0 0 0 0 0 0 
832 9 0 0 0 0 0 0 0 0 0 0 0 
833 9 0 0 0 0 0 0 0 0 0 0 0 
834 9 0 0 0 0 0 0 0 0 0 0 0 
835 9 0 0 0 0 0 0 0 0 0 0 0 
836 9 0 0 0 0 0 0 0 0 0 0 0 
837 9 0 0 0 0 0 0 0 0 0 0 0 
838 9 0 0 0 0 0 0 0 0 0 0 0 
839 9 0 0 0 0 0 0 0 0 0 0 0 
840 9 0 0 0 0 0 0 0 0 0 0 0 
841 9 0 0 0 0 0 0 0 0 0 0 0 
842 9 0 0 0 0 0 0 0 0 0 0 0 
843 9 0 0 0 0 0 0 0 0 0 0 0 
844 9 0 0 0 0 0 0 0 0 0 0 0 
845 9 0 0 0 0 0 0 0 0 0 0 0 
846 9 0 0 0 0 0 0 0 0 0 0 0 
847 9 0 0 0 0 0 0 0 0 0 0 0 
848 9 0 0 0 0 0 0 0 0 0 0 0 
849 9 0 0 0 0 0 0 0 0 0 0 0 
850 9 0 0 0 0 0 0 0 0 0 0 0 
851 9 0 0 0 0 0 0 0 0 0 0 0 
852 9 0 0 0 0 0 0 0 0 0 0 0 
853 9 0 0 0 0 0 0 0 0 0 0 0 
854 9 0 0 0 0 0 0 0 0 0 0 0 
855 9 0 0 0 0 0 0 0 0 0 0 0 
856 9 0 0 0 0 0 0 0 0 0 0 0 
857 9 0 0 0 0 0 0 0 0 0 0 0 
858 9 0 0 0 0 0 0 0 0 0 0 0 
859 9 0 0 0 0 0 0 0 0 0 0 0 
860 9 0 0 0 0 0 0 0 0 0 0 0 
861 9 0 0 0 0 0 0 0 0 0 0 0 
862 9 0 0 0 0 0 0 0 0 0 0 0 
863 9 0 0 0 0 0 0 0 0 0 0 0 
864 9 0 0 0 0 0 0 0 0 0 0 0 
865 9 0 0 0 0 0 0 0 0 0 0 0 
866 9 0 0 0 0 0 0 0 0 0 0 0 
867 9 0 0 0 0 0 0 0 0 0 0 0 
868 9 0 0 0 0 0 0 0 0 0 0 0 
869 9 0 0 0 0 0 0 0 0 0 0 0 
870 9 0 0 0 0 0 0 0 0 0 0 0 
871 9 0 0 0 0 0 0 0 0 0 0 0 
872 9 0 0 0 0 0 0 0 0 0 0 0 
873 9 0 0 0 0 0 0 0 0 0 0 0 
874 9 0 0 0 0 0 0 0 0 0 0 0 
875 9 0 0 0 0 0 0 0 0 0 0 0 
876 9 0 0 0 0 0 0 0 0 0 0 0 
877 9 0 0 0 0 0 0 0 0 0 0 0 
878 9 0 0 0 0 0 0 0 0 0 0 0 
879 9 0 0 0 0 0 0 0 0 0 0 0 
880 9 0 0 0 0 0 0 0 0 0 0 0 
881 9 0 0 0 0 0 0 0 0 0 0 0 
882 9 0 0 0 0 0 0 0 0 0 0 0 
883 9 0 0 0 0 0 0 0 0 0 0 0 
884 9 0 0 0 0 0 0 0 0 0 0 0 
885 9 0 0 0 0 0 0 0 0 0 0 0 
886 9 0 0 0 0 0 0 0 0 0 0 0 
887 9 0 0 0 0 0 0 0 0 0 0 0 
888 9 0 0 0 0 0 0 0 0 0 0 0 
889 9 0 0 0 0 0 0 0 0 0 0 0 
890 9 0 0 0 0 0 0 0 0 0 0 0 
891 9 0 0 0 0 0 0 0 0 0 0 0 
892 9 0 0 0 0 0 0 0 0 0 0 0 
893 9 0 0 0 0 0 0 0 0 0 0 0 
894 9 0 0 0 0 0 0 0 0 0 0 0 
895 9 0 0 0 0 0 0 0 0 0 0 0 
896 9 0 0 0 0 0 0 0 0 0 0 0 
897 9 0 0 0 0 0 0 0 0 0 0 0 
898 9 0 0 0 0 0 0 0 0 0 0 0 
899 9 0 0 0 0 0 0 0 0 0 0 0 
900 9 0 0 0 0 0 0 0 0 0 0 0 
901 9 0 0 0 0 0 0 0 0 0 0 0 
902 9 0 0 0 0 0 0 0 0 0 0 0 
903 9 0 0 0 0 0 0 0 0 0 0 0 
904 9 0 0 0 0 0 0 0 0 0 0 0 
905 9 0 0 0 0 0 0 0 0 0 0 0 
906 9 0 0 0 0 0 0 0 0 0 0 0 
907 9 0 0 0 0 0 0 0 0 0 0 0 
908 9 0 0 0 0 0 0 0 0 0 0 0 
909 9 0 0 0 0 0 0 0 0 0 0 0 
910 9 0 0 0 0 0 0 0 0 0 0 0 
911 9 22 0 0 0 0 0 0 0 0 0 0 
912 9 23 0 0 0 0 0 0 0 0 0 0 
913 9 -1 126 4 28 -1 -1 -1 -1 -1 0 394 
914 9 -1 80 4 40 -1 -1 -1 -1 -1 0 741 
915 9 -1 243 3 23 -1 -1 -1 -1 -1 0 -11 
916 9 -1 304 0 79 -1 -1 -1 -1 -1 0 -7 
917 9 -1 184 2 21 -1 -1 -1 -1 -1 0 77 
918 9 34 0 0 0 0 0 0 0 0 0 0 
919 9 0 0 0 0 0 0 0 0 0 0 0 
920 9 0 0 0 0 0 0 0 0 0 0 0 
921 9 -1 277 2 62 -1 -1 -1 -1 -1 0 -89 
922 9 -1 129 3 30 -1 -1 -1 -1 -1 0 -5 
923 9 0 0 0 0 0 0 0 0 0 0 0 
924 9 0 0 0 0 0 0 0 0 0 0 0 
925 9 0 0 0 0 0 0 0 0 0 0 0 
926 9 0 0 0 0 0 0 0 0 0 0 0 
927 9 0 0 0 0 0 0 0 0 0 0 0 
928 9 0 0 0 0 0 0 0 0 0 0 0 
929 9 0 0 0 0 0 0 0 0 0 0 0 
930 9 0 0 0 0 0 0 0 0 0 0 0 
931 9 0 0 0 0 0 0 0 0 0 0 0 
932 9 0 0 0 0 0 0 0 0 0 0 0 
933 9 0 0 0 0 0 0 0 0 0 0 0 
934 9 0 0 0 0 0 0 0 0 0 0 0 
935 9 0 0 0 0 0 0 0 0 0 0 0 
936 9 0 0 0 0 0 0 0 0 0 0 0 
937 9 0 0 0 0 0 0 0 0 0 0 0 
938 9 0 0 0 0 0 0 0 0 0 0 0 
939 9 0 0 0 0 0 0 0 0 0 0 0 
940 9 0 0 0 0 0 0 0 0 0 0 0 
941 9 0 0 0 0 0 0 0 0 0 0 0 
942 9 0 0 0 0 0 0 0 0 0 0 0 
943 9 0 0 0 0 0 0 0 0 0 0 0 
944 9 0 0 0 0 0 0 0 0 0 0 0 
945 9 0 0 0 0 0 0 0 0 0 0 0 
946 9 0 0 0 0 0 0 0 0 0 0 0 
947 9 0 0 0 0 0 0 0 0 0 0 0 
948 9 0 0 0 0 0 0 0 0 0 0 0 
949 9 0 0 0 0 0 0 0 0 0 0 0 
950 9 0 0 0 0 0 0 0 0 0 0 0 
951 9 0 0 0 0 0 0 0 0 0 0 0 
952 9 0 0 0 0 0 0 0 0 0 0 0 
953 9 0 0 0 0 0 0 0 0 0 0 0 
954 9 0 0 0 0 0 0 0 0 0 0 0 
955 9 0 0 0 0 0 0 0 0 0 0 0 
956 9 0 0 0 0 0 0 0 0 0 0 0 
957 9 0 0 0 0 0 0 0 0 0 0 0 
958 9 0 0 0 0 0 0 0 0 0 0 0 
959 9 0 0 0 0 0 0 0 0 0 0 0 
960 9 0 0 0 0 0 0 0 0 0 0 0 
961 9 0 0 0 0 0 0 0 0 0 0 0 
962 9 0 0 0 0 0 0 0 0 0 0 0 
963 9 0 0 0 0 0 0 0 0 0 0 0 
964 9 0 0 0 0 0 0 0 0 0 0 0 
965 9 0 0 0 0 0 0 0 0 0 0 0 
966 9 0 0 0 0 0 0 0 0 0 0 0 
967 9 0 0 0 0 0 0 0 0 0 0 0 
968 9 0 0 0 0 0 0 0 0 0 0 0 
969 9 0 0 0 0 0 0 0 0 0 0 0 
970 9 0 0 0 0 0 0 0 0 0 0 0 
971 9 0 0 0 0 0 0 0 0 0 0 0 
972 9 0 0 0 0 0 0 0 0 0 0 0 
973 9 0 0 0 0 0 0 0 0 0 0 0 
974 9 0 0 0 0 0 0 0 0 0 0 0 
975 9 0 0 0 0 0 0 0 0 0 0 0 
976 9 0 0 0 0 0 0 0 0 0 0 0 
977 9 0 0 0 0 0 0 0 0 0 0 0 
978 9 0 0 0 0 0 0 0 0 0 0 0 
979 9 0 0 0 0 0 0 0 0 0 0 0 
980 9 0 0 0 0 0 0 0 0 0 0 0 
981 9 0 0 0 0 0 0 0 0 0 0 0 
982 9 0 0 0 0 0 0 0 0 0 0 0 
983 9 0 0 0 0 0 0 0 0 0 0 0 
984 9 0 0 0 0 0 0 0 0 0 0 0 
985 9 0 0 0 0 0 0 0 0 0 0 0 
986 9 0 0 0 0 0 0 0 0 0 0 0 
987 9 0 0 0 0 0 0 0 0 0 0 0 
988 9 0 0 0 0 0 0 0 0 0 0 0 
989 9 0 0 0 0 0 0 0 0 0 0 0 
990 9 0 0 0 0 0 0 0 0 0 0 0 
991 9 47 0 0 0 0 0 0 0 0 0 0 
992 9 -1 6 1 57 -1 -1 -1 -1 -1 0 2 
993 9 -1 256 4 20 -1 -1 -1 -1 -1 0 1603 
994 9 -1 207 2 51 -1 -1 -1 -1 -1 0 -48 
995 9 0 0 0 0 0 0 0 0 0 0 0 
996 9 0 0 0 0 0 0 0 0 0 0 0 
997 9 55 0 0 0 0 0 0 0 0 0 0 
998 9 -1 305 2 45 -1 -1 -1 -1 -1 0 -22 
999 9 0 0 0 0 0 0 0 0 0 0 0 
1000 9 0 0 0 0 0 0 0 0 0 0 0 
1001 9 0 0 0 0 0 0 0 0 0 0 0 
1002 9 0 0 0 0 0 0 0 0 0 0 0 
1003 9 0 0 0 0 0 0 0 0 0 0 0 
1004 9 0 0 0 0 0 0 0 0 0 0 0 
1005 9 0 0 0 0 0 0 0 0 0 0 0 
1006 9 0 0 0 0 0 0 0 0 0 0 0 
1007 9 0 0 0 0 0 0 0 0 0 0 0 
1008 9 0 0 0 0 0 0 0 0 0 0 0 
1009 9 -1 152 4 43 -1 -1 -1 -1 -1 0 1731 
1010 9 -1 235 0 32 -1 -1 -1 -1 -1 0 -11 
1011 9 -1 181 2 47 -1 -1 -1 -1 -1 0 -28 
1012 9 67 0 0 0 0 0 0 0 0 0 0 
1013 9 0 0 0 0 0 0 0 0 0 0 0 
1014 9 0 0 0 0 0 0 0 0 0 0 0 
1015 9 0 0 0 0 0 0 0 0 0 0 0 
1016 9 0 0 0 0 0 0 0 0 0 0 0 
1017 9 0 0 0 0 0 0 0 0 0 0 0 
1018 9 0 0 0 0 0 0 0 0 0 0 0 
1019 9 0 0 0 0 0 0 0 0 0 0 0 
1020 9 0 0 0 0 0 0 0 0 0 0 0 
1021 9 0 0 0 0 0 0 0 0 0 0 0 
1022 9 0 0 0 0 0 0 0 0 0 0 0 
1023 10 0 0 0 0 0 0 0 0 0 0 0 
1024 10 0 0 0 0 0 0 0 0 0 0 0 
1025 10 0 0 0 0 0 0 0 0 0 0 0 
1026 10 0 0 0 0 0 0 0 0 0 0 0 
1027 10 0 0 0 0 0 0 0 0 0 0 0 
1028 10 0 0 0 0 0 0 0 0 0 0 0 
1029 10 0 0 0 0 0 0 0 0 0 0 0 
1030 10 0 0 0 0 0 0 0 0 0 0 0 
1031 10 0 0 0 0 0 0 0 0 0 0 0 
1032 10 0 0 0 0 0 0 0 0 0 0 0 
1033 10 0 0 0 0 0 0 0 0 0 0 0 
1034 10 0 0 0 0 0 0 0 0 0 0 0 
1035 10 0 0 0 0 0 0 0 0 0 0 0 
1036 10 0 0 0 0 0 0 0 0 0 0 0 
1037 10 0 0 0 0 0 0 0 0 0 0 0 
1038 10 0 0 0 0 0 0 0 0 0 0 0 
1039 10 0 0 0 0 0 0 0 0 0 0 0 
1040 10 0 0 0 0 0 0 0 0 0 0 0 
1041 10 0 0 0 0 0 0 0 0 0 0 0 
1042 10 0 0 0 0 0 0 0 0 0 0 0 
1043 10 0 0 0 0 0 0 0 0 0 0 0 
1044 10 0 0 0 0 0 0 0 0 0 0 0 
1045 10 0 0 0 0 0 0 0 0 0 0 0 
1046 10 0 0 0 0 0 0 0 0 0 0 0 
1047 10 0 0 0 0 0 0 0 0 0 0 0 
1048 10 0 0 0 0 0 0 0 0 0 0 0 
1049 10 0 0 0 0 0 0 0 0 0 0 0 
1050 10 0 0 0 0 0 0 0 0 0 0 0 
1051 10 0 0 0 0 0 0 0 0 0 0 0 
1052 10 0 0 0 0 0 0 0 0 0 0 0 
1053 10 0 0 0 0 0 0 0 0 0 0 0 
1054 10 0 0 0 0 0 0 0 0 0 0 0 
1055 10 0 0 0 0 0 0 0 0 0 0 0 
1056 10 0 0 0 0 0 0 0 0 0 0 0 
1057 10 0 0 0 0 0 0 0 0 0 0 0 
1058 10 0 0 0 0 0 0 0 0 0 0 0 
1059 10 0 0 0 0 0 0 0 0 0 0 0 
1060 10 0 0 0 0 0 0 0 0 0 0 0 
1061 10 0 0 0 0 0 0 0 0 0 0 0 
1062 10 0 0 0 0 0 0 0 0 0 0 0 
1063 10 0 0 0 0 0 0 0 0 0 0 0 
1064 10 0 0 0 0 0 0 0 0 0 0 0 
1065 10 0 0 0 0 0 0 0 0 0 0 0 
1066 10 0 0 0 0 0 0 0 0 0 0 0 
1067 10 0 0 0 0 0 0 0 0 0 0 0 
1068 10 0 0 0 0 0 0 0 0 0 0 0 
1069 10 0 0 0 0 0 0 0 0 0 0 0 
1070 10 0 0 0 0 0 0 0 0 0 0 0 
1071 10 0 0 0 0 0 0 0 0 0 0 0 
1072 10 0 0 0 0 0 0 0 0 0 0 0 
1073 10 0 0 0 0 0 0 0 0 0 0 0 
1074 10 0 0 0 0 0 0 0 0 0 0 0 
1075 10 0 0 0 0 0 0 0 0 0 0 0 
1076 10 0 0 0 0 0 0 0 0 0 0 0 
1077 10 0 0 0 0 0 0 0 0 0 0 0 
1078 10 0 0 0 0 0 0 0 0 0 0 0 
1079 10 0 0 0 0 0 0 0 0 0 0 0 
1080 10 0 0 0 0 0 0 0 0 0 0 0 
1081 10 0 0 0 0 0 0 0 0 0 0 0 
1082 10 0 0 0 0 0 0 0 0 0 0 0 
1083 10 0 0 0 0 0 0 0 0 0 0 0 
1084 10 0 0 0 0 0 0 0 0 0 0 0 
1085 10 0 0 0 0 0 0 0 0 0 0 0 
1086 10 0 0 0 0 0 0 0 0 0 0 0 
1087 10 0 0 0 0 0 0 0 0 0 0 0 
1088 10 0 0 0 0 0 0 0 0 0 0 0 
1089 10 0 0 0 0 0 0 0 0 0 0 0 
1090 10 0 0 0 0 0 0 0 0 0 0 0 
1091 10 0 0 0 0 0 0 0 0 0 0 0 
1092 10 0 0 0 0 0 0 0 0 0 0 0 
1093 10 0 0 0 0 0 0 0 0 0 0 0 
1094 10 0 0 0 0 0 0 0 0 0 0 0 
1095 10 0 0 0 0 0 0 0 0 0 0 0 
1096 10 0 0 0 0 0 0 0 0 0 0 0 
1097 10 0 0 0 0 0 0 0 0 0 0 0 
1098 10 0 0 0 0 0 0 0 0 0 0 0 
1099 10 0 0 0 0 0 0 0 0 0 0 0 
1100 10 0 0 0 0 0 0 0 0 0 0 0 
1101 10 0 0 0 0 0 0 0 0 0 0 0 
1102 10 0 0 0 0 0 0 0 0 0 0 0 
1103 10 0 0 0 0 0 0 0 0 0 0 0 
1104 10 0 0 0 0 0 0 0 0 0 0 0 
1105 10 0 0 0 0 0 0 0 0 0 0 0 
1106 10 0 0 0 0 0 0 0 0 0 0 0 
1107 10 0 0 0 0 0 0 0 0 0 0 0 
1108 10 0 0 0 0 0 0 0 0 0 0 0 
1109 10 0 0 0 0 0 0 0 0 0 0 0 
1110 10 0 0 0 0 0 0 0 0 0 0 0 
1111 10 0 0 0 0 0 0 0 0 0 0 0 
1112 10 0 0 0 0 0 0 0 0 0 0 0 
1113 10 0 0 0 0 0 0 0 0 0 0 0 
1114 10 0 0 0 0 0 0 0 0 0 0 0 
1115 10 0 0 0 0 0 0 0 0 0 0 0 
1116 10 0 0 0 0 0 0 0 0 0 0 0 
1117 10 0 0 0 0 0 0 0 0 0 0 0 
1118 10 0 0 0 0 0 0 0 0 0 0 0 
1119 10 0 0 0 0 0 0 0 0 0 0 0 
1120 10 0 0 0 0 0 0 0 0 0 0 0 
1121 10 0 0 0 0 0 0 0 0 0 0 0 
1122 10 0 0 0 0 0 0 0 0 0 0 0 
1123 10 0 0 0 0 0 0 0 0 0 0 0 
1124 10 0 0 0 0 0 0 0 0 0 0 0 
1125 10 0 0 0 0 0 0 0 0 0 0 0 
1126 10 0 0 0 0 0 0 0 0 0 0 0 
1127 10 0 0 0 0 0 0 0 0 0 0 0 
1128 10 0 0 0 0 0 0 0 0 0 0 0 
1129 10 0 0 0 0 0 0 0 0 0 0 0 
1130 10 0 0 0 0 0 0 0 0 0 0 0 
1131 10 0 0 0 0 0 0 0 0 0 0 0 
1132 10 0 0 0 0 0 0 0 0 0 0 0 
1133 10 0 0 0 0 0 0 0 0 0 0 0 
1134 10 0 0 0 0 0 0 0 0 0 0 0 
1135 10 0 0 0 0 0 0 0 0 0 0 0 
1136 10 0 0 0 0 0 0 0 0 0 0 0 
1137 10 0 0 0 0 0 0 0 0 0 0 0 
1138 10 0 0 0 0 0 0 0 0 0 0 0 
1139 10 0 0 0 0 0 0 0 0 0 0 0 
1140 10 0 0 0 0 0 0 0 0 0 0 0 
1141 10 0 0 0 0 0 0 0 0 0 0 0 
1142 10 0 0 0 0 0 0 0 0 0 0 0 
1143 10 0 0 0 0 0 0 0 0 0 0 0 
1144 10 0 0 0 0 0 0 0 0 0 0 0 
1145 10 0 0 0 0 0 0 0 0 0 0 0 
1146 10 0 0 0 0 0 0 0 0 0 0 0 
1147 10 0 0 0 0 0 0 0 0 0 0 0 
1148 10 0 0 0 0 0 0 0 0 0 0 0 
1149 10 0 0 0 0 0 0 0 0 0 0 0 
1150 10 0 0 0 0 0 0 0 0 0 0 0 
1151 10 0 0 0 0 0 0 0 0 0 0 0 
1152 10 0 0 0 0 0 0 0 0 0 0 0 
1153 10 0 0 0 0 0 0 0 0 0 0 0 
1154 10 0 0 0 0 0 0 0 0 0 0 0 
1155 10 0 0 0 0 0 0 0 0 0 0 0 
1156 10 0 0 0 0 0 0 0 0 0 0 0 
1157 10 0 0 0 0 0 0 0 0 0 0 0 
1158 10 0 0 0 0 0 0 0 0 0 0 0 
1159 10 0 0 0 0 0 0 0 0 0 0 0 
1160 10 0 0 0 0 0 0 0 0 0 0 0 
1161 10 0 0 0 0 0 0 0 0 0 0 0 
1162 10 0 0 0 0 0 0 0 0 0 0 0 
1163 10 0 0 0 0 0 0 0 0 0 0 0 
1164 10 0 0 0 0 0 0 0 0 0 0 0 
1165 10 0 0 0 0 0 0 0 0 0 0 0 
1166 10 0 0 0 0 0 0 0 0 0 0 0 
1167 10 0 0 0 0 0 0 0 0 0 0 0 
1168 10 0 0 0 0 0 0 0 0 0 0 0 
1169 10 0 0 0 0 0 0 0 0 0 0 0 
1170 10 0 0 0 0 0 0 0 0 0 0 0 
1171 10 0 0 0 0 0 0 0 0 0 0 0 
1172 10 0 0 0 0 0 0 0 0 0 0 0 
1173 10 0 0 0 0 0 0 0 0 0 0 0 
1174 10 0 0 0 0 0 0 0 0 0 0 0 
1175 10 0 0 0 0 0 0 0 0 0 0 0 
1176 10 0 0 0 0 0 0 0 0 0 0 0 
1177 10 0 0 0 0 0 0 0 0 0 0 0 
1178 10 0 0 0 0 0 0 0 0 0 0 0 
1179 10 0 0 0 0 0 0 0 0 0 0 0 
1180 10 0 0 0 0 0 0 0 0 0 0 0 
1181 10 0 0 0 0 0 0 0 0 0 0 0 
1182 10 0 0 0 0 0 0 0 0 0 0 0 
1183 10 0 0 0 0 0 0 0 0 0 0 0 
1184 10 0 0 0 0 0 0 0 0 0 0 0 
1185 10 0 0 0 0 0 0 0 0 0 0 0 
1186 10 0 0 0 0 0 0 0 0 0 0 0 
1187 10 0 0 0 0 0 0 0 0 0 0 0 
1188 10 0 0 0 0 0 0 0 0 0 0 0 
1189 10 0 0 0 0 0 0 0 0 0 0 0 
1190 10 0 0 0 0 0 0 0 0 0 0 0 
1191 10 0 0 0 0 0 0 0 0 0 0 0 
1192 10 0 0 0 0 0 0 0 0 0 0 0 
1193 10 0 0 0 0 0 0 0 0 0 0 0 
1194 10 0 0 0 0 0 0 0 0 0 0 0 
1195 10 0 0 0 0 0 0 0 0 0 0 0 
1196 10 0 0 0 0 0 0 0 0 0 0 0 
1197 10 0 0 0 0 0 0 0 0 0 0 0 
1198 10 0 0 0 0 0 0 0 0 0 0 0 
1199 10 0 0 0 0 0 0 0 0 0 0 0 
1200 10 0 0 0 0 0 0 0 0 0 0 0 
1201 10 0 0 0 0 0 0 0 0 0 0 0 
1202 10 0 0 0 0 0 0 0 0 0 0 0 
1203 10 0 0 0 0 0 0 0 0 0 0 0 
1204 10 0 0 0 0 0 0 0 0 0 0 0 
1205 10 0 0 0 0 0 0 0 0 0 0 0 
1206 10 0 0 0 0 0 0 0 0 0 0 0 
1207 10 0 0 0 0 0 0 0 0 0 0 0 
1208 10 0 0 0 0 0 0 0 0 0 0 0 
1209 10 0 0 0 0 0 0 0 0 0 0 0 
1210 10 0 0 0 0 0 0 0 0 0 0 0 
1211 10 0 0 0 0 0 0 0 0 0 0 0 
1212 10 0 0 0 0 0 0 0 0 0 0 0 
1213 10 0 0 0 0 0 0 0 0 0 0 0 
1214 10 0 0 0 0 0 0 0 0 0 0 0 
1215 10 0 0 0 0 0 0 0 0 0 0 0 
1216 10 0 0 0 0 0 0 0 0 0 0 0 
1217 10 0 0 0 0 0 0 0 0 0 0 0 
1218 10 0 0 0 0 0 0 0 0 0 0 0 
1219 10 0 0 0 0 0 0 0 0 0 0 0 
1220 10 0 0 0 0 0 0 0 0 0 0 0 
1221 10 0 0 0 0 0 0 0 0 0 0 0 
1222 10 0 0 0 0 0 0 0 0 0 0 0 
1223 10 0 0 0 0 0 0 0 0 0 0 0 
1224 10 0 0 0 0 0 0 0 0 0 0 0 
1225 10 0 0 0 0 0 0 0 0 0 0 0 
1226 10 0 0 0 0 0 0 0 0 0 0 0 
1227 10 0 0 0 0 0 0 0 0 0 0 0 
1228 10 0 0 0 0 0 0 0 0 0 0 0 
1229 10 0 0 0 0 0 0 0 0 0 0 0 
1230 10 0 0 0 0 0 0 0 0 0 0 0 
1231 10 0 0 0 0 0 0 0 0 0 0 0 
1232 10 0 0 0 0 0 0 0 0 0 0 0 
1233 10 0 0 0 0 0 0 0 0 0 0 0 
1234 10 0 0 0 0 0 0 0 0 0 0 0 
1235 10 0 0 0 0 0 0 0 0 0 0 0 
1236 10 0 0 0 0 0 0 0 0 0 0 0 
1237 10 0 0 0 0 0 0 0 0 0 0 0 
1238 10 0 0 0 0 0 0 0 0 0 0 0 
1239 10 0 0 0 0 0 0 0 0 0 0 0 
1240 10 0 0 0 0 0 0 0 0 0 0 0 
1241 10 0 0 0 0 0 0 0 0 0 0 0 
1242 10 0 0 0 0 0 0 0 0 0 0 0 
1243 10 0 0 0 0 0 0 0 0 0 0 0 
1244 10 0 0 0 0 0 0 0 0 0 0 0 
1245 10 0 0 0 0 0 0 0 0 0 0 0 
1246 10 0 0 0 0 0 0 0 0 0 0 0 
1247 10 0 0 0 0 0 0 0 0 0 0 0 
1248 10 0 0 0 0 0 0 0 0 0 0 0 
1249 10 0 0 0 0 0 0 0 0 0 0 0 
1250 10 0 0 0 0 0 0 0 0 0 0 0 
1251 10 0 0 0 0 0 0 0 0 0 0 0 
1252 10 0 0 0 0 0 0 0 0 0 0 0 
1253 10 0 0 0 0 0 0 0 0 0 0 0 
1254 10 0 0 0 0 0 0 0 0 0 0 0 
1255 10 0 0 0 0 0 0 0 0 0 0 0 
1256 10 0 0 0 0 0 0 0 0 0 0 0 
1257 10 0 0 0 0 0 0 0 0 0 0 0 
1258 10 0 0 0 0 0 0 0 0 0 0 0 
1259 10 0 0 0 0 0 0 0 0 0 0 0 
1260 10 0 0 0 0 0 0 0 0 0 0 0 
1261 10 0 0 0 0 0 0 0 0 0 0 0 
1262 10 0 0 0 0 0 0 0 0 0 0 0 
1263 10 0 0 0 0 0 0 0 0 0 0 0 
1264 10 0 0 0 0 0 0 0 0 0 0 0 
1265 10 0 0 0 0 0 0 0 0 0 0 0 
1266 10 0 0 0 0 0 0 0 0 0 0 0 
1267 10 0 0 0 0 0 0 0 0 0 0 0 
1268 10 0 0 0 0 0 0 0 0 0 0 0 
1269 10 0 0 0 0 0 0 0 0 0 0 0 
1270 10 0 0 0 0 0 0 0 0 0 0 0 
1271 10 0 0 0 0 0 0 0 0 0 0 0 
1272 10 0 0 0 0 0 0 0 0 0 0 0 
1273 10 0 0 0 0 0 0 0 0 0 0 0 
1274 10 0 0 0 0 0 0 0 0 0 0 0 
1275 10 0 0 0 0 0 0 0 0 0 0 0 
1276 10 0 0 0 0 0 0 0 0 0 0 0 
1277 10 0 0 0 0 0 0 0 0 0 0 0 
1278 10 0 0 0 0 0 0 0 0 0 0 0 
1279 10 0 0 0 0 0 0 0 0 0 0 0 
1280 10 0 0 0 0 0 0 0 0 0 0 0 
1281 10 0 0 0 0 0 0 0 0 0 0 0 
1282 10 0 0 0 0 0 0 0 0 0 0 0 
1283 10 0 0 0 0 0 0 0 0 0 0 0 
1284 10 0 0 0 0 0 0 0 0 0 0 0 
1285 10 0 0 0 0 0 0 0 0 0 0 0 
1286 10 0 0 0 0 0 0 0 0 0 0 0 
1287 10 0 0 0 0 0 0 0 0 0 0 0 
1288 10 0 0 0 0 0 0 0 0 0 0 0 
1289 10 0 0 0 0 0 0 0 0 0 0 0 
1290 10 0 0 0 0 0 0 0 0 0 0 0 
1291 10 0 0 0 0 0 0 0 0 0 0 0 
1292 10 0 0 0 0 0 0 0 0 0 0 0 
1293 10 0 0 0 0 0 0 0 0 0 0 0 
1294 10 0 0 0 0 0 0 0 0 0 0 0 
1295 10 0 0 0 0 0 0 0 0 0 0 0 
1296 10 0 0 0 0 0 0 0 0 0 0 0 
1297 10 0 0 0 0 0 0 0 0 0 0 0 
1298 10 0 0 0 0 0 0 0 0 0 0 0 
1299 10 0 0 0 0 0 0 0 0 0 0 0 
1300 10 0 0 0 0 0 0 0 0 0 0 0 
1301 10 0 0 0 0 0 0 0 0 0 0 0 
1302 10 0 0 0 0 0 0 0 0 0 0 0 
1303 10 0 0 0 0 0 0 0 0 0 0 0 
1304 10 0 0 0 0 0 0 0 0 0 0 0 
1305 10 0 0 0 0 0 0 0 0 0 0 0 
1306 10 0 0 0 0 0 0 0 0 0 0 0 
1307 10 0 0 0 0 0 0 0 0 0 0 0 
1308 10 0 0 0 0 0 0 0 0 0 0 0 
1309 10 0 0 0 0 0 0 0 0 0 0 0 
1310 10 0 0 0 0 0 0 0 0 0 0 0 
1311 10 0 0 0 0 0 0 0 0 0 0 0 
1312 10 0 0 0 0 0 0 0 0 0 0 0 
1313 10 0 0 0 0 0 0 0 0 0 0 0 
1314 10 0 0 0 0 0 0 0 0 0 0 0 
1315 10 0 0 0 0 0 0 0 0 0 0 0 
1316 10 0 0 0 0 0 0 0 0 0 0 0 
1317 10 0 0 0 0 0 0 0 0 0 0 0 
1318 10 0 0 0 0 0 0 0 0 0 0 0 
1319 10 0 0 0 0 0 0 0 0 0 0 0 
1320 10 0 0 0 0 0 0 0 0 0 0 0 
1321 10 0 0 0 0 0 0 0 0 0 0 0 
1322 10 0 0 0 0 0 0 0 0 0 0 0 
1323 10 0 0 0 0 0 0 0 0 0 0 0 
1324 10 0 0 0 0 0 0 0 0 0 0 0 
1325 10 0 0 0 0 0 0 0 0 0 0 0 
1326 10 0 0 0 0 0 0 0 0 0 0 0 
1327 10 0 0 0 0 0 0 0 0 0 0 0 
1328 10 0 0 0 0 0 0 0 0 0 0 0 
1329 10 0 0 0 0 0 0 0 0 0 0 0 
1330 10 0 0 0 0 0 0 0 0 0 0 0 
1331 10 0 0 0 0 0 0 0 0 0 0 0 
1332 10 0 0 0 0 0 0 0 0 0 0 0 
1333 10 0 0 0 0 0 0 0 0 0 0 0 
1334 10 0 0 0 0 0 0 0 0 0 0 0 
1335 10 0 0 0 0 0 0 0 0 0 0 0 
1336 10 0 0 0 0 0 0 0 0 0 0 0 
1337 10 0 0 0 0 0 0 0 0 0 0 0 
1338 10 0 0 0 0 0 0 0 0 0 0 0 
1339 10 0 0 0 0 0 0 0 0 0 0 0 
1340 10 0 0 0 0 0 0 0 0 0 0 0 
1341 10 0 0 0 0 0 0 0 0 0 0 0 
1342 10 0 0 0 0 0 0 0 0 0 0 0 
1343 10 0 0 0 0 0 0 0 0 0 0 0 
1344 10 0 0 0 0 0 0 0 0 0 0 0 
1345 10 0 0 0 0 0 0 0 0 0 0 0 
1346 10 0 0 0 0 0 0 0 0 0 0 0 
1347 10 0 0 0 0 0 0 0 0 0 0 0 
1348 10 0 0 0 0 0 0 0 0 0 0 0 
1349 10 0 0 0 0 0 0 0 0 0 0 0 
1350 10 0 0 0 0 0 0 0 0 0 0 0 
1351 10 0 0 0 0 0 0 0 0 0 0 0 
1352 10 0 0 0 0 0 0 0 0 0 0 0 
1353 10 0 0 0 0 0 0 0 0 0 0 0 
1354 10 0 0 0 0 0 0 0 0 0 0 0 
1355 10 0 0 0 0 0 0 0 0 0 0 0 
1356 10 0 0 0 0 0 0 0 0 0 0 0 
1357 10 0 0 0 0 0 0 0 0 0 0 0 
1358 10 0 0 0 0 0 0 0 0 0 0 0 
1359 10 0 0 0 0 0 0 0 0 0 0 0 
1360 10 0 0 0 0 0 0 0 0 0 0 0 
1361 10 0 0 0 0 0 0 0 0 0 0 0 
1362 10 0 0 0 0 0 0 0 0 0 0 0 
1363 10 0 0 0 0 0 0 0 0 0 0 0 
1364 10 0 0 0 0 0 0 0 0 0 0 0 
1365 10 0 0 0 0 0 0 0 0 0 0 0 
1366 10 0 0 0 0 0 0 0 0 0 0 0 
1367 10 0 0 0 0 0 0 0 0 0 0 0 
1368 10 0 0 0 0 0 0 0 0 0 0 0 
1369 10 0 0 0 0 0 0 0 0 0 0 0 
1370 10 0 0 0 0 0 0 0 0 0 0 0 
1371 10 0 0 0 0 0 0 0 0 0 0 0 
1372 10 0 0 0 0 0 0 0 0 0 0 0 
1373 10 0 0 0 0 0 0 0 0 0 0 0 
1374 10 0 0 0 0 0 0 0 0 0 0 0 
1375 10 0 0 0 0 0 0 0 0 0 0 0 
1376 10 0 0 0 0 0 0 0 0 0 0 0 
1377 10 0 0 0 0 0 0 0 0 0 0 0 
1378 10 0 0 0 0 0 0 0 0 0 0 0 
1379 10 0 0 0 0 0 0 0 0 0 0 0 
1380 10 0 0 0 0 0 0 0 0 0 0 0 
1381 10 0 0 0 0 0 0 0 0 0 0 0 
1382 10 0 0 0 0 0 0 0 0 0 0 0 
1383 10 0 0 0 0 0 0 0 0 0 0 0 
1384 10 0 0 0 0 0 0 0 0 0 0 0 
1385 10 0 0 0 0 0 0 0 0 0 0 0 
1386 10 0 0 0 0 0 0 0 0 0 0 0 
1387 10 0 0 0 0 0 0 0 0 0 0 0 
1388 10 0 0 0 0 0 0 0 0 0 0 0 
1389 10 0 0 0 0 0 0 0 0 0 0 0 
1390 10 0 0 0 0 0 0 0 0 0 0 0 
1391 10 0 0 0 0 0 0 0 0 0 0 0 
1392 10 0 0 0 0 0 0 0 0 0 0 0 
1393 10 0 0 0 0 0 0 0 0 0 0 0 
1394 10 0 0 0 0 0 0 0 0 0 0 0 
1395 10 0 0 0 0 0 0 0 0 0 0 0 
1396 10 0 0 0 0 0 0 0 0 0 0 0 
1397 10 0 0 0 0 0 0 0 0 0 0 0 
1398 10 0 0 0 0 0 0 0 0 0 0 0 
1399 10 0 0 0 0 0 0 0 0 0 0 0 
1400 10 0 0 0 0 0 0 0 0 0 0 0 
1401 10 0 0 0 0 0 0 0 0 0 0 0 
1402 10 0 0 0 0 0 0 0 0 0 0 0 
1403 10 0 0 0 0 0 0 0 0 0 0 0 
1404 10 0 0 0 0 0 0 0 0 0 0 0 
1405 10 0 0 0 0 0 0 0 0 0 0 0 
1406 10 0 0 0 0 0 0 0 0 0 0 0 
1407 10 0 0 0 0 0 0 0 0 0 0 0 
1408 10 0 0 0 0 0 0 0 0 0 0 0 
1409 10 0 0 0 0 0 0 0 0 0 0 0 
1410 10 0 0 0 0 0 0 0 0 0 0 0 
1411 10 0 0 0 0 0 0 0 0 0 0 0 
1412 10 0 0 0 0 0 0 0 0 0 0 0 
1413 10 0 0 0 0 0 0 0 0 0 0 0 
1414 10 0 0 0 0 0 0 0 0 0 0 0 
1415 10 0 0 0 0 0 0 0 0 0 0 0 
1416 10 0 0 0 0 0 0 0 0 0 0 0 
1417 10 0 0 0 0 0 0 0 0 0 0 0 
1418 10 0 0 0 0 0 0 0 0 0 0 0 
1419 10 0 0 0 0 0 0 0 0 0 0 0 
1420 10 0 0 0 0 0 0 0 0 0 0 0 
1421 10 0 0 0 0 0 0 0 0 0 0 0 
1422 10 0 0 0 0 0 0 0 0 0 0 0 
1423 10 0 0 0 0 0 0 0 0 0 0 0 
1424 10 0 0 0 0 0 0 0 0 0 0 0 
1425 10 0 0 0 0 0 0 0 0 0 0 0 
1426 10 0 0 0 0 0 0 0 0 0 0 0 
1427 10 0 0 0 0 0 0 0 0 0 0 0 
1428 10 0 0 0 0 0 0 0 0 0 0 0 
1429 10 0 0 0 0 0 0 0 0 0 0 0 
1430 10 0 0 0 0 0 0 0 0 0 0 0 
1431 10 0 0 0 0 0 0 0 0 0 0 0 
1432 10 0 0 0 0 0 0 0 0 0 0 0 
1433 10 0 0 0 0 0 0 0 0 0 0 0 
1434 10 0 0 0 0 0 0 0 0 0 0 0 
1435 10 0 0 0 0 0 0 0 0 0 0 0 
1436 10 0 0 0 0 0 0 0 0 0 0 0 
1437 10 0 0 0 0 0 0 0 0 0 0 0 
1438 10 0 0 0 0 0 0 0 0 0 0 0 
1439 10 0 0 0 0 0 0 0 0 0 0 0 
1440 10 0 0 0 0 0 0 0 0 0 0 0 
1441 10 0 0 0 0 0 0 0 0 0 0 0 
1442 10 0 0 0 0 0 0 0 0 0 0 0 
1443 10 0 0 0 0 0 0 0 0 0 0 0 
1444 10 0 0 0 0 0 0 0 0 0 0 0 
1445 10 0 0 0 0 0 0 0 0 0 0 0 
1446 10 0 0 0 0 0 0 0 0 0 0 0 
1447 10 0 0 0 0 0 0 0 0 0 0 0 
1448 10 0 0 0 0 0 0 0 0 0 0 0 
1449 10 0 0 0 0 0 0 0 0 0 0 0 
1450 10 0 0 0 0 0 0 0 0 0 0 0 
1451 10 0 0 0 0 0 0 0 0 0 0 0 
1452 10 0 0 0 0 0 0 0 0 0 0 0 
1453 10 0 0 0 0 0 0 0 0 0 0 0 
1454 10 0 0 0 0 0 0 0 0 0 0 0 
1455 10 0 0 0 0 0 0 0 0 0 0 0 
1456 10 0 0 0 0 0 0 0 0 0 0 0 
1457 10 0 0 0 0 0 0 0 0 0 0 0 
1458 10 0 0 0 0 0 0 0 0 0 0 0 
1459 10 0 0 0 0 0 0 0 0 0 0 0 
1460 10 0 0 0 0 0 0 0 0 0 0 0 
1461 10 0 0 0 0 0 0 0 0 0 0 0 
1462 10 0 0 0 0 0 0 0 0 0 0 0 
1463 10 0 0 0 0 0 0 0 0 0 0 0 
1464 10 0 0 0 0 0 0 0 0 0 0 0 
1465 10 0 0 0 0 0 0 0 0 0 0 0 
1466 10 0 0 0 0 0 0 0 0 0 0 0 
1467 10 0 0 0 0 0 0 0 0 0 0 0 
1468 10 0 0 0 0 0 0 0 0 0 0 0 
1469 10 0 0 0 0 0 0 0 0 0 0 0 
1470 10 0 0 0 0 0 0 0 0 0 0 0 
1471 10 6 0 0 0 0 0 0 0 0 0 0 
1472 10 7 0 0 0 0 0 0 0 0 0 0 
1473 10 0 0 0 0 0 0 0 0 0 0 0 
1474 10 0 0 0 0 0 0 0 0 0 0 0 
1475 10 0 0 0 0 0 0 0 0 0 0 0 
1476 10 0 0 0 0 0 0 0 0 0 0 0 
1477 10 0 0 0 0 0 0 0 0 0 0 0 
1478 10 0 0 0 0 0 0 0 0 0 0 0 
1479 10 0 0 0 0 0 0 0 0 0 0 0 
1480 10 0 0 0 0 0 0 0 0 0 0 0 
1481 10 0 0 0 0 0 0 0 0 0 0 0 
1482 10 0 0 0 0 0 0 0 0 0 0 0 
1483 10 0 0 0 0 0 0 0 0 0 0 0 
1484 10 0 0 0 0 0 0 0 0 0 0 0 
1485 10 0 0 0 0 0 0 0 0 0 0 0 
1486 10 0 0 0 0 0 0 0 0 0 0 0 
1487 10 0 0 0 0 0 0 0 0 0 0 0 
1488 10 0 0 0 0 0 0 0 0 0 0 0 
1489 10 0 0 0 0 0 0 0 0 0 0 0 
1490 10 0 0 0 0 0 0 0 0 0 0 0 
1491 10 0 0 0 0 0 0 0 0 0 0 0 
1492 10 0 0 0 0 0 0 0 0 0 0 0 
1493 10 0 0 0 0 0 0 0 0 0 0 0 
1494 10 0 0 0 0 0 0 0 0 0 0 0 
1495 10 0 0 0 0 0 0 0 0 0 0 0 
1496 10 0 0 0 0 0 0 0 0 0 0 0 
1497 10 0 0 0 0 0 0 0 0 0 0 0 
1498 10 0 0 0 0 0 0 0 0 0 0 0 
1499 10 0 0 0 0 0 0 0 0 0 0 0 
1500 10 0 0 0 0 0 0 0 0 0 0 0 
1501 10 0 0 0 0 0 0 0 0 0 0 0 
1502 10 0 0 0 0 0 0 0 0 0 0 0 
1503 10 0 0 0 0 0 0 0 0 0 0 0 
1504 10 0 0 0 0 0 0 0 0 0 0 0 
1505 10 0 0 0 0 0 0 0 0 0 0 0 
1506 10 0 0 0 0 0 0 0 0 0 0 0 
1507 10 0 0 0 0 0 0 0 0 0 0 0 
1508 10 0 0 0 0 0 0 0 0 0 0 0 
1509 10 0 0 0 0 0 0 0 0 0 0 0 
1510 10 0 0 0 0 0 0 0 0 0 0 0 
1511 10 0 0 0 0 0 0 0 0 0 0 0 
1512 10 0 0 0 0 0 0 0 0 0 0 0 
1513 10 0 0 0 0 0 0 0 0 0 0 0 
1514 10 0 0 0 0 0 0 0 0 0 0 0 
1515 10 0 0 0 0 0 0 0 0 0 0 0 
1516 10 0 0 0 0 0 0 0 0 0 0 0 
1517 10 0 0 0 0 0 0 0 0 0 0 0 
1518 10 0 0 0 0 0 0 0 0 0 0 0 
1519 10 0 0 0 0 0 0 0 0 0 0 0 
1520 10 0 0 0 0 0 0 0 0 0 0 0 
1521 10 0 0 0 0 0 0 0 0 0 0 0 
1522 10 0 0 0 0 0 0 0 0 0 0 0 
1523 10 0 0 0 0 0 0 0 0 0 0 0 
1524 10 0 0 0 0 0 0 0 0 0 0 0 
1525 10 0 0 0 0 0 0 0 0 0 0 0 
1526 10 0 0 0 0 0 0 0 0 0 0 0 
1527 10 0 0 0 0 0 0 0 0 0 0 0 
1528 10 0 0 0 0 0 0 0 0 0 0 0 
1529 10 0 0 0 0 0 0 0 0 0 0 0 
1530 10 0 0 0 0 0 0 0 0 0 0 0 
1531 10 0 0 0 0 0 0 0 0 0 0 0 
1532 10 0 0 0 0 0 0 0 0 0 0 0 
1533 10 0 0 0 0 0 0 0 0 0 0 0 
1534 10 0 0 0 0 0 0 0 0 0 0 0 
1535 10 0 0 0 0 0 0 0 0 0 0 0 
1536 10 0 0 0 0 0 0 0 0 0 0 0 
1537 10 0 0 0 0 0 0 0 0 0 0 0 
1538 10 0 0 0 0 0 0 0 0 0 0 0 
1539 10 0 0 0 0 0 0 0 0 0 0 0 
1540 10 0 0 0 0 0 0 0 0 0 0 0 
1541 10 0 0 0 0 0 0 0 0 0 0 0 
1542 10 0 0 0 0 0 0 0 0 0 0 0 
1543 10 0 0 0 0 0 0 0 0 0 0 0 
1544 10 0 0 0 0 0 0 0 0 0 0 0 
1545 10 0 0 0 0 0 0 0 0 0 0 0 
1546 10 0 0 0 0 0 0 0 0 0 0 0 
1547 10 0 0 0 0 0 0 0 0 0 0 0 
1548 10 0 0 0 0 0 0 0 0 0 0 0 
1549 10 0 0 0 0 0 0 0 0 0 0 0 
1550 10 0 0 0 0 0 0 0 0 0 0 0 
1551 10 0 0 0 0 0 0 0 0 0 0 0 
1552 10 0 0 0 0 0 0 0 0 0 0 0 
1553 10 0 0 0 0 0 0 0 0 0 0 0 
1554 10 0 0 0 0 0 0 0 0 0 0 0 
1555 10 0 0 0 0 0 0 0 0 0 0 0 
1556 10 0 0 0 0 0 0 0 0 0 0 0 
1557 10 0 0 0 0 0 0 0 0 0 0 0 
1558 10 0 0 0 0 0 0 0 0 0 0 0 
1559 10 0 0 0 0 0 0 0 0 0 0 0 
1560 10 0 0 0 0 0 0 0 0 0 0 0 
1561 10 0 0 0 0 0 0 0 0 0 0 0 
1562 10 0 0 0 0 0 0 0 0 0 0 0 
1563 10 0 0 0 0 0 0 0 0 0 0 0 
1564 10 0 0 0 0 0 0 0 0 0 0 0 
1565 10 0 0 0 0 0 0 0 0 0 0 0 
1566 10 0 0 0 0 0 0 0 0 0 0 0 
1567 10 0 0 0 0 0 0 0 0 0 0 0 
1568 10 0 0 0 0 0 0 0 0 0 0 0 
1569 10 0 0 0 0 0 0 0 0 0 0 0 
1570 10 0 0 0 0 0 0 0 0 0 0 0 
1571 10 0 0 0 0 0 0 0 0 0 0 0 
1572 10 0 0 0 0 0 0 0 0 0 0 0 
1573 10 0 0 0 0 0 0 0 0 0 0 0 
1574 10 0 0 0 0 0 0 0 0 0 0 0 
1575 10 0 0 0 0 0 0 0 0 0 0 0 
1576 10 0 0 0 0 0 0 0 0 0 0 0 
1577 10 0 0 0 0 0 0 0 0 0 0 0 
1578 10 0 0 0 0 0 0 0 0 0 0 0 
1579 10 0 0 0 0 0 0 0 0 0 0 0 
1580 10 0 0 0 0 0 0 0 0 0 0 0 
1581 10 0 0 0 0 0 0 0 0 0 0 0 
1582 10 0 0 0 0 0 0 0 0 0 0 0 
1583 10 0 0 0 0 0 0 0 0 0 0 0 
1584 10 0 0 0 0 0 0 0 0 0 0 0 
1585 10 0 0 0 0 0 0 0 0 0 0 0 
1586 10 0 0 0 0 0 0 0 0 0 0 0 
1587 10 0 0 0 0 0 0 0 0 0 0 0 
1588 10 0 0 0 0 0 0 0 0 0 0 0 
1589 10 0 0 0 0 0 0 0 0 0 0 0 
1590 10 0 0 0 0 0 0 0 0 0 0 0 
1591 10 0 0 0 0 0 0 0 0 0 0 0 
1592 10 0 0 0 0 0 0 0 0 0 0 0 
1593 10 0 0 0 0 0 0 0 0 0 0 0 
1594 10 0 0 0 0 0 0 0 0 0 0 0 
1595 10 0 0 0 0 0 0 0 0 0 0 0 
1596 10 0 0 0 0 0 0 0 0 0 0 0 
1597 10 0 0 0 0 0 0 0 0 0 0 0 
1598 10 0 0 0 0 0 0 0 0 0 0 0 
1599 10 0 0 0 0 0 0 0 0 0 0 0 
1600 10 0 0 0 0 0 0 0 0 0 0 0 
1601 10 0 0 0 0 0 0 0 0 0 0 0 
1602 10 0 0 0 0 0 0 0 0 0 0 0 
1603 10 0 0 0 0 0 0 0 0 0 0 0 
1604 10 0 0 0 0 0 0 0 0 0 0 0 
1605 10 0 0 0 0 0 0 0 0 0 0 0 
1606 10 0 0 0 0 0 0 0 0 0 0 0 
1607 10 0 0 0 0 0 0 0 0 0 0 0 
1608 10 0 0 0 0 0 0 0 0 0 0 0 
1609 10 0 0 0 0 0 0 0 0 0 0 0 
1610 10 0 0 0 0 0 0 0 0 0 0 0 
1611 10 0 0 0 0 0 0 0 0 0 0 0 
1612 10 0 0 0 0 0 0 0 0 0 0 0 
1613 10 0 0 0 0 0 0 0 0 0 0 0 
1614 10 0 0 0 0 0 0 0 0 0 0 0 
1615 10 0 0 0 0 0 0 0 0 0 0 0 
1616 10 0 0 0 0 0 0 0 0 0 0 0 
1617 10 0 0 0 0 0 0 0 0 0 0 0 
1618 10 0 0 0 0 0 0 0 0 0 0 0 
1619 10 0 0 0 0 0 0 0 0 0 0 0 
1620 10 0 0 0 0 0 0 0 0 0 0 0 
1621 10 0 0 0 0 0 0 0 0 0 0 0 
1622 10 0 0 0 0 0 0 0 0 0 0 0 
1623 10 0 0 0 0 0 0 0 0 0 0 0 
1624 10 0 0 0 0 0 0 0 0 0 0 0 
1625 10 0 0 0 0 0 0 0 0 0 0 0 
1626 10 0 0 0 0 0 0 0 0 0 0 0 
1627 10 0 0 0 0 0 0 0 0 0 0 0 
1628 10 0 0 0 0 0 0 0 0 0 0 0 
1629 10 0 0 0 0 0 0 0 0 0 0 0 
1630 10 0 0 0 0 0 0 0 0 0 0 0 
1631 10 0 0 0 0 0 0 0 0 0 0 0 
1632 10 0 0 0 0 0 0 0 0 0 0 0 
1633 10 0 0 0 0 0 0 0 0 0 0 0 
1634 10 0 0 0 0 0 0 0 0 0 0 0 
1635 10 0 0 0 0 0 0 0 0 0 0 0 
1636 10 0 0 0 0 0 0 0 0 0 0 0 
1637 10 0 0 0 0 0 0 0 0 0 0 0 
1638 10 0 0 0 0 0 0 0 0 0 0 0 
1639 10 0 0 0 0 0 0 0 0 0 0 0 
1640 10 0 0 0 0 0 0 0 0 0 0 0 
1641 10 0 0 0 0 0 0 0 0 0 0 0 
1642 10 0 0 0 0 0 0 0 0 0 0 0 
1643 10 0 0 0 0 0 0 0 0 0 0 0 
1644 10 0 0 0 0 0 0 0 0 0 0 0 
1645 10 0 0 0 0 0 0 0 0 0 0 0 
1646 10 0 0 0 0 0 0 0 0 0 0 0 
1647 10 0 0 0 0 0 0 0 0 0 0 0 
1648 10 0 0 0 0 0 0 0 0 0 0 0 
1649 10 0 0 0 0 0 0 0 0 0 0 0 
1650 10 0 0 0 0 0 0 0 0 0 0 0 
1651 10 0 0 0 0 0 0 0 0 0 0 0 
1652 10 0 0 0 0 0 0 0 0 0 0 0 
1653 10 0 0 0 0 0 0 0 0 0 0 0 
1654 10 0 0 0 0 0 0 0 0 0 0 0 
1655 10 0 0 0 0 0 0 0 0 0 0 0 
1656 10 0 0 0 0 0 0 0 0 0 0 0 
1657 10 0 0 0 0 0 0 0 0 0 0 0 
1658 10 0 0 0 0 0 0 0 0 0 0 0 
1659 10 0 0 0 0 0 0 0 0 0 0 0 
1660 10 0 0 0 0 0 0 0 0 0 0 0 
1661 10 0 0 0 0 0 0 0 0 0 0 0 
1662 10 0 0 0 0 0 0 0 0 0 0 0 
1663 10 0 0 0 0 0 0 0 0 0 0 0 
1664 10 0 0 0 0 0 0 0 0 0 0 0 
1665 10 0 0 0 0 0 0 0 0 0 0 0 
1666 10 0 0 0 0 0 0 0 0 0 0 0 
1667 10 0 0 0 0 0 0 0 0 0 0 0 
1668 10 0 0 0 0 0 0 0 0 0 0 0 
1669 10 0 0 0 0 0 0 0 0 0 0 0 
1670 10 0 0 0 0 0 0 0 0 0 0 0 
1671 10 0 0 0 0 0 0 0 0 0 0 0 
1672 10 0 0 0 0 0 0 0 0 0 0 0 
1673 10 0 0 0 0 0 0 0 0 0 0 0 
1674 10 0 0 0 0 0 0 0 0 0 0 0 
1675 10 0 0 0 0 0 0 0 0 0 0 0 
1676 10 0 0 0 0 0 0 0 0 0 0 0 
1677 10 0 0 0 0 0 0 0 0 0 0 0 
1678 10 0 0 0 0 0 0 0 0 0 0 0 
1679 10 0 0 0 0 0 0 0 0 0 0 0 
1680 10 0 0 0 0 0 0 0 0 0 0 0 
1681 10 0 0 0 0 0 0 0 0 0 0 0 
1682 10 0 0 0 0 0 0 0 0 0 0 0 
1683 10 0 0 0 0 0 0 0 0 0 0 0 
1684 10 0 0 0 0 0 0 0 0 0 0 0 
1685 10 0 0 0 0 0 0 0 0 0 0 0 
1686 10 0 0 0 0 0 0 0 0 0 0 0 
1687 10 0 0 0 0 0 0 0 0 0 0 0 
1688 10 0 0 0 0 0 0 0 0 0 0 0 
1689 10 0 0 0 0 0 0 0 0 0 0 0 
1690 10 0 0 0 0 0 0 0 0 0 0 0 
1691 10 0 0 0 0 0 0 0 0 0 0 0 
1692 10 0 0 0 0 0 0 0 0 0 0 0 
1693 10 0 0 0 0 0 0 0 0 0 0 0 
1694 10 0 0 0 0 0 0 0 0 0 0 0 
1695 10 0 0 0 0 0 0 0 0 0 0 0 
1696 10 0 0 0 0 0 0 0 0 0 0 0 
1697 10 0 0 0 0 0 0 0 0 0 0 0 
1698 10 0 0 0 0 0 0 0 0 0 0 0 
1699 10 0 0 0 0 0 0 0 0 0 0 0 
1700 10 0 0 0 0 0 0 0 0 0 0 0 
1701 10 0 0 0 0 0 0 0 0 0 0 0 
1702 10 0 0 0 0 0 0 0 0 0 0 0 
1703 10 0 0 0 0 0 0 0 0 0 0 0 
1704 10 0 0 0 0 0 0 0 0 0 0 0 
1705 10 0 0 0 0 0 0 0 0 0 0 0 
1706 10 0 0 0 0 0 0 0 0 0 0 0 
1707 10 0 0 0 0 0 0 0 0 0 0 0 
1708 10 0 0 0 0 0 0 0 0 0 0 0 
1709 10 0 0 0 0 0 0 0 0 0 0 0 
1710 10 0 0 0 0 0 0 0 0 0 0 0 
1711 10 0 0 0 0 0 0 0 0 0 0 0 
1712 10 0 0 0 0 0 0 0 0 0 0 0 
1713 10 0 0 0 0 0 0 0 0 0 0 0 
1714 10 0 0 0 0 0 0 0 0 0 0 0 
1715 10 0 0 0 0 0 0 0 0 0 0 0 
1716 10 0 0 0 0 0 0 0 0 0 0 0 
1717 10 0 0 0 0 0 0 0 0 0 0 0 
1718 10 0 0 0 0 0 0 0 0 0 0 0 
1719 10 0 0 0 0 0 0 0 0 0 0 0 
1720 10 0 0 0 0 0 0 0 0 0 0 0 
1721 10 0 0 0 0 0 0 0 0 0 0 0 
1722 10 0 0 0 0 0 0 0 0 0 0 0 
1723 10 0 0 0 0 0 0 0 0 0 0 0 
1724 10 0 0 0 0 0 0 0 0 0 0 0 
1725 10 0 0 0 0 0 0 0 0 0 0 0 
1726 10 0 0 0 0 0 0 0 0 0 0 0 
1727 10 0 0 0 0 0 0 0 0 0 0 0 
1728 10 0 0 0 0 0 0 0 0 0 0 0 
1729 10 0 0 0 0 0 0 0 0 0 0 0 
1730 10 0 0 0 0 0 0 0 0 0 0 0 
1731 10 0 0 0 0 0 0 0 0 0 0 0 
1732 10 0 0 0 0 0 0 0 0 0 0 0 
1733 10 0 0 0 0 0 0 0 0 0 0 0 
1734 10 0 0 0 0 0 0 0 0 0 0 0 
1735 10 0 0 0 0 0 0 0 0 0 0 0 
1736 10 0 0 0 0 0 0 0 0 0 0 0 
1737 10 0 0 0 0 0 0 0 0 0 0 0 
1738 10 0 0 0 0 0 0 0 0 0 0 0 
1739 10 0 0 0 0 0 0 0 0 0 0 0 
1740 10 0 0 0 0 0 0 0 0 0 0 0 
1741 10 0 0 0 0 0 0 0 0 0 0 0 
1742 10 0 0 0 0 0 0 0 0 0 0 0 
1743 10 0 0 0 0 0 0 0 0 0 0 0 
1744 10 0 0 0 0 0 0 0 0 0 0 0 
1745 10 0 0 0 0 0 0 0 0 0 0 0 
1746 10 0 0 0 0 0 0 0 0 0 0 0 
1747 10 0 0 0 0 0 0 0 0 0 0 0 
1748 10 0 0 0 0 0 0 0 0 0 0 0 
1749 10 0 0 0 0 0 0 0 0 0 0 0 
1750 10 0 0 0 0 0 0 0 0 0 0 0 
1751 10 0 0 0 0 0 0 0 0 0 0 0 
1752 10 0 0 0 0 0 0 0 0 0 0 0 
1753 10 0 0 0 0 0 0 0 0 0 0 0 
1754 10 0 0 0 0 0 0 0 0 0 0 0 
1755 10 0 0 0 0 0 0 0 0 0 0 0 
1756 10 0 0 0 0 0 0 0 0 0 0 0 
1757 10 0 0 0 0 0 0 0 0 0 0 0 
1758 10 0 0 0 0 0 0 0 0 0 0 0 
1759 10 0 0 0 0 0 0 0 0 0 0 0 
1760 10 0 0 0 0 0 0 0 0 0 0 0 
1761 10 0 0 0 0 0 0 0 0 0 0 0 
1762 10 0 0 0 0 0 0 0 0 0 0 0 
1763 10 0 0 0 0 0 0 0 0 0 0 0 
1764 10 0 0 0 0 0 0 0 0 0 0 0 
1765 10 0 0 0 0 0 0 0 0 0 0 0 
1766 10 0 0 0 0 0 0 0 0 0 0 0 
1767 10 0 0 0 0 0 0 0 0 0 0 0 
1768 10 0 0 0 0 0 0 0 0 0 0 0 
1769 10 0 0 0 0 0 0 0 0 0 0 0 
1770 10 0 0 0 0 0 0 0 0 0 0 0 
1771 10 0 0 0 0 0 0 0 0 0 0 0 
1772 10 0 0 0 0 0 0 0 0 0 0 0 
1773 10 0 0 0 0 0 0 0 0 0 0 0 
1774 10 0 0 0 0 0 0 0 0 0 0 0 
1775 10 0 0 0 0 0 0 0 0 0 0 0 
1776 10 0 0 0 0 0 0 0 0 0 0 0 
1777 10 0 0 0 0 0 0 0 0 0 0 0 
1778 10 0 0 0 0 0 0 0 0 0 0 0 
1779 10 0 0 0 0 0 0 0 0 0 0 0 
1780 10 0 0 0 0 0 0 0 0 0 0 0 
1781 10 0 0 0 0 0 0 0 0 0 0 0 
1782 10 0 0 0 0 0 0 0 0 0 0 0 
1783 10 0 0 0 0 0 0 0 0 0 0 0 
1784 10 0 0 0 0 0 0 0 0 0 0 0 
1785 10 0 0 0 0 0 0 0 0 0 0 0 
1786 10 0 0 0 0 0 0 0 0 0 0 0 
1787 10 0 0 0 0 0 0 0 0 0 0 0 
1788 10 0 0 0 0 0 0 0 0 0 0 0 
1789 10 0 0 0 0 0 0 0 0 0 0 0 
1790 10 0 0 0 0 0 0 0 0 0 0 0 
1791 10 0 0 0 0 0 0 0 0 0 0 0 
1792 10 0 0 0 0 0 0 0 0 0 0 0 
1793 10 0 0 0 0 0 0 0 0 0 0 0 
1794 10 0 0 0 0 0 0 0 0 0 0 0 
1795 10 0 0 0 0 0 0 0 0 0 0 0 
1796 10 0 0 0 0 0 0 0 0 0 0 0 
1797 10 0 0 0 0 0 0 0 0 0 0 0 
1798 10 0 0 0 0 0 0 0 0 0 0 0 
1799 10 0 0 0 0 0 0 0 0 0 0 0 
1800 10 0 0 0 0 0 0 0 0 0 0 0 
1801 10 0 0 0 0 0 0 0 0 0 0 0 
1802 10 0 0 0 0 0 0 0 0 0 0 0 
1803 10 0 0 0 0 0 0 0 0 0 0 0 
1804 10 0 0 0 0 0 0 0 0 0 0 0 
1805 10 0 0 0 0 0 0 0 0 0 0 0 
1806 10 0 0 0 0 0 0 0 0 0 0 0 
1807 10 0 0 0 0 0 0 0 0 0 0 0 
1808 10 0 0 0 0 0 0 0 0 0 0 0 
1809 10 0 0 0 0 0 0 0 0 0 0 0 
1810 10 0 0 0 0 0 0 0 0 0 0 0 
1811 10 0 0 0 0 0 0 0 0 0 0 0 
1812 10 0 0 0 0 0 0 0 0 0 0 0 
1813 10 0 0 0 0 0 0 0 0 0 0 0 
1814 10 0 0 0 0 0 0 0 0 0 0 0 
1815 10 0 0 0 0 0 0 0 0 0 0 0 
1816 10 0 0 0 0 0 0 0 0 0 0 0 
1817 10 0 0 0 0 0 0 0 0 0 0 0 
1818 10 0 0 0 0 0 0 0 0 0 0 0 
1819 10 0 0 0 0 0 0 0 0 0 0 0 
1820 10 0 0 0 0 0 0 0 0 0 0 0 
1821 10 0 0 0 0 0 0 0 0 0 0 0 
1822 10 0 0 0 0 0 0 0 0 0 0 0 
1823 10 0 0 0 0 0 0 0 0 0 0 0 
1824 10 0 0 0 0 0 0 0 0 0 0 0 
1825 10 0 0 0 0 0 0 0 0 0 0 0 
1826 10 0 0 0 0 0 0 0 0 0 0 0 
1827 10 24 0 0 0 0 0 0 0 0 0 0 
1828 10 25 0 0 0 0 0 0 0 0 0 0 
1829 10 26 0 0 0 0 0 0 0 0 0 0 
1830 10 27 0 0 0 0 0 0 0 0 0 0 
1831 10 28 0 0 0 0 0 0 0 0 0 0 
1832 10 29 0 0 0 0 0 0 0 0 0 0 
1833 10 30 0 0 0 0 0 0 0 0 0 0 
1834 10 31 0 0 0 0 0 0 0 0 0 0 
1835 10 32 0 0 0 0 0 0 0 0 0 0 
1836 10 33 0 0 0 0 0 0 0 0 0 0 
1837 10 0 0 0 0 0 0 0 0 0 0 0 
1838 10 0 0 0 0 0 0 0 0 0 0 0 
1839 10 0 0 0 0 0 0 0 0 0 0 0 
1840 10 0 0 0 0 0 0 0 0 0 0 0 
1841 10 0 0 0 0 0 0 0 0 0 0 0 
1842 10 0 0 0 0 0 0 0 0 0 0 0 
1843 10 36 0 0 0 0 0 0 0 0 0 0 
1844 10 37 0 0 0 0 0 0 0 0 0 0 
1845 10 38 0 0 0 0 0 0 0 0 0 0 
1846 10 39 0 0 0 0 0 0 0 0 0 0 
1847 10 0 0 0 0 0 0 0 0 0 0 0 
1848 10 0 0 0 0 0 0 0 0 0 0 0 
1849 10 0 0 0 0 0 0 0 0 0 0 0 
1850 10 0 0 0 0 0 0 0 0 0 0 0 
1851 10 0 0 0 0 0 0 0 0 0 0 0 
1852 10 0 0 0 0 0 0 0 0 0 0 0 
1853 10 0 0 0 0 0 0 0 0 0 0 0 
1854 10 0 0 0 0 0 0 0 0 0 0 0 
1855 10 0 0 0 0 0 0 0 0 0 0 0 
1856 10 0 0 0 0 0 0 0 0 0 0 0 
1857 10 0 0 0 0 0 0 0 0 0 0 0 
1858 10 0 0 0 0 0 0 0 0 0 0 0 
1859 10 0 0 0 0 0 0 0 0 0 0 0 
1860 10 0 0 0 0 0 0 0 0 0 0 0 
1861 10 0 0 0 0 0 0 0 0 0 0 0 
1862 10 0 0 0 0 0 0 0 0 0 0 0 
1863 10 0 0 0 0 0 0 0 0 0 0 0 
1864 10 0 0 0 0 0 0 0 0 0 0 0 
1865 10 0 0 0 0 0 0 0 0 0 0 0 
1866 10 0 0 0 0 0 0 0 0 0 0 0 
1867 10 0 0 0 0 0 0 0 0 0 0 0 
1868 10 0 0 0 0 0 0 0 0 0 0 0 
1869 10 0 0 0 0 0 0 0 0 0 0 0 
1870 10 0 0 0 0 0 0 0 0 0 0 0 
1871 10 0 0 0 0 0 0 0 0 0 0 0 
1872 10 0 0 0 0 0 0 0 0 0 0 0 
1873 10 0 0 0 0 0 0 0 0 0 0 0 
1874 10 0 0 0 0 0 0 0 0 0 0 0 
1875 10 0 0 0 0 0 0 0 0 0 0 0 
1876 10 0 0 0 0 0 0 0 0 0 0 0 
1877 10 0 0 0 0 0 0 0 0 0 0 0 
1878 10 0 0 0 0 0 0 0 0 0 0 0 
1879 10 0 0 0 0 0 0 0 0 0 0 0 
1880 10 0 0 0 0 0 0 0 0 0 0 0 
1881 10 0 0 0 0 0 0 0 0 0 0 0 
1882 10 0 0 0 0 0 0 0 0 0 0 0 
1883 10 0 0 0 0 0 0 0 0 0 0 0 
1884 10 0 0 0 0 0 0 0 0 0 0 0 
1885 10 0 0 0 0 0 0 0 0 0 0 0 
1886 10 0 0 0 0 0 0 0 0 0 0 0 
1887 10 0 0 0 0 0 0 0 0 0 0 0 
1888 10 0 0 0 0 0 0 0 0 0 0 0 
1889 10 0 0 0 0 0 0 0 0 0 0 0 
1890 10 0 0 0 0 0 0 0 0 0 0 0 
1891 10 0 0 0 0 0 0 0 0 0 0 0 
1892 10 0 0 0 0 0 0 0 0 0 0 0 
1893 10 0 0 0 0 0 0 0 0 0 0 0 
1894 10 0 0 0 0 0 0 0 0 0 0 0 
1895 10 0 0 0 0 0 0 0 0 0 0 0 
1896 10 0 0 0 0 0 0 0 0 0 0 0 
1897 10 0 0 0 0 0 0 0 0 0 0 0 
1898 10 0 0 0 0 0 0 0 0 0 0 0 
1899 10 0 0 0 0 0 0 0 0 0 0 0 
1900 10 0 0 0 0 0 0 0 0 0 0 0 
1901 10 0 0 0 0 0 0 0 0 0 0 0 
1902 10 0 0 0 0 0 0 0 0 0 0 0 
1903 10 0 0 0 0 0 0 0 0 0 0 0 
1904 10 0 0 0 0 0 0 0 0 0 0 0 
1905 10 0 0 0 0 0 0 0 0 0 0 0 
1906 10 0 0 0 0 0 0 0 0 0 0 0 
1907 10 0 0 0 0 0 0 0 0 0 0 0 
1908 10 0 0 0 0 0 0 0 0 0 0 0 
1909 10 0 0 0 0 0 0 0 0 0 0 0 
1910 10 0 0 0 0 0 0 0 0 0 0 0 
1911 10 0 0 0 0 0 0 0 0 0 0 0 
1912 10 0 0 0 0 0 0 0 0 0 0 0 
1913 10 0 0 0 0 0 0 0 0 0 0 0 
1914 10 0 0 0 0 0 0 0 0 0 0 0 
1915 10 0 0 0 0 0 0 0 0 0 0 0 
1916 10 0 0 0 0 0 0 0 0 0 0 0 
1917 10 0 0 0 0 0 0 0 0 0 0 0 
1918 10 0 0 0 0 0 0 0 0 0 0 0 
1919 10 0 0 0 0 0 0 0 0 0 0 0 
1920 10 0 0 0 0 0 0 0 0 0 0 0 
1921 10 0 0 0 0 0 0 0 0 0 0 0 
1922 10 0 0 0 0 0 0 0 0 0 0 0 
1923 10 0 0 0 0 0 0 0 0 0 0 0 
1924 10 0 0 0 0 0 0 0 0 0 0 0 
1925 10 0 0 0 0 0 0 0 0 0 0 0 
1926 10 0 0 0 0 0 0 0 0 0 0 0 
1927 10 0 0 0 0 0 0 0 0 0 0 0 
1928 10 0 0 0 0 0 0 0 0 0 0 0 
1929 10 0 0 0 0 0 0 0 0 0 0 0 
1930 10 0 0 0 0 0 0 0 0 0 0 0 
1931 10 0 0 0 0 0 0 0 0 0 0 0 
1932 10 0 0 0 0 0 0 0 0 0 0 0 
1933 10 0 0 0 0 0 0 0 0 0 0 0 
1934 10 0 0 0 0 0 0 0 0 0 0 0 
1935 10 0 0 0 0 0 0 0 0 0 0 0 
1936 10 0 0 0 0 0 0 0 0 0 0 0 
1937 10 0 0 0 0 0 0 0 0 0 0 0 
1938 10 0 0 0 0 0 0 0 0 0 0 0 
1939 10 0 0 0 0 0 0 0 0 0 0 0 
1940 10 0 0 0 0 0 0 0 0 0 0 0 
1941 10 0 0 0 0 0 0 0 0 0 0 0 
1942 10 0 0 0 0 0 0 0 0 0 0 0 
1943 10 0 0 0 0 0 0 0 0 0 0 0 
1944 10 0 0 0 0 0 0 0 0 0 0 0 
1945 10 0 0 0 0 0 0 0 0 0 0 0 
1946 10 0 0 0 0 0 0 0 0 0 0 0 
1947 10 0 0 0 0 0 0 0 0 0 0 0 
1948 10 0 0 0 0 0 0 0 0 0 0 0 
1949 10 0 0 0 0 0 0 0 0 0 0 0 
1950 10 0 0 0 0 0 0 0 0 0 0 0 
1951 10 0 0 0 0 0 0 0 0 0 0 0 
1952 10 0 0 0 0 0 0 0 0 0 0 0 
1953 10 0 0 0 0 0 0 0 0 0 0 0 
1954 10 0 0 0 0 0 0 0 0 0 0 0 
1955 10 0 0 0 0 0 0 0 0 0 0 0 
1956 10 0 0 0 0 0 0 0 0 0 0 0 
1957 10 0 0 0 0 0 0 0 0 0 0 0 
1958 10 0 0 0 0 0 0 0 0 0 0 0 
1959 10 0 0 0 0 0 0 0 0 0 0 0 
1960 10 0 0 0 0 0 0 0 0 0 0 0 
1961 10 0 0 0 0 0 0 0 0 0 0 0 
1962 10 0 0 0 0 0 0 0 0 0 0 0 
1963 10 0 0 0 0 0 0 0 0 0 0 0 
1964 10 0 0 0 0 0 0 0 0 0 0 0 
1965 10 0 0 0 0 0 0 0 0 0 0 0 
1966 10 0 0 0 0 0 0 0 0 0 0 0 
1967 10 0 0 0 0 0 0 0 0 0 0 0 
1968 10 0 0 0 0 0 0 0 0 0 0 0 
1969 10 0 0 0 0 0 0 0 0 0 0 0 
1970 10 0 0 0 0 0 0 0 0 0 0 0 
1971 10 0 0 0 0 0 0 0 0 0 0 0 
1972 10 0 0 0 0 0 0 0 0 0 0 0 
1973 10 0 0 0 0 0 0 0 0 0 0 0 
1974 10 0 0 0 0 0 0 0 0 0 0 0 
1975 10 0 0 0 0 0 0 0 0 0 0 0 
1976 10 0 0 0 0 0 0 0 0 0 0 0 
1977 10 0 0 0 0 0 0 0 0 0 0 0 
1978 10 0 0 0 0 0 0 0 0 0 0 0 
1979 10 0 0 0 0 0 0 0 0 0 0 0 
1980 10 0 0 0 0 0 0 0 0 0 0 0 
1981 10 0 0 0 0 0 0 0 0 0 0 0 
1982 10 0 0 0 0 0 0 0 0 0 0 0 
1983 10 0 0 0 0 0 0 0 0 0 0 0 
1984 10 0 0 0 0 0 0 0 0 0 0 0 
1985 10 48 0 0 0 0 0 0 0 0 0 0 
1986 10 49 0 0 0 0 0 0 0 0 0 0 
1987 10 50 0 0 0 0 0 0 0 0 0 0 
1988 10 51 0 0 0 0 0 0 0 0 0 0 
1989 10 52 0 0 0 0 0 0 0 0 0 0 
1990 10 53 0 0 0 0 0 0 0 0 0 0 
1991 10 0 0 0 0 0 0 0 0 0 0 0 
1992 10 0 0 0 0 0 0 0 0 0 0 0 
1993 10 0 0 0 0 0 0 0 0 0 0 0 
1994 10 0 0 0 0 0 0 0 0 0 0 0 
1995 10 0 0 0 0 0 0 0 0 0 0 0 
1996 10 0 0 0 0 0 0 0 0 0 0 0 
1997 10 56 0 0 0 0 0 0 0 0 0 0 
1998 10 57 0 0 0 0 0 0 0 0 0 0 
1999 10 0 0 0 0 0 0 0 0 0 0 0 
2000 10 0 0 0 0 0 0 0 0 0 0 0 
2001 10 0 0 0 0 0 0 0 0 0 0 0 
2002 10 0 0 0 0 0 0 0 0 0 0 0 
2003 10 0 0 0 0 0 0 0 0 0 0 0 
2004 10 0 0 0 0 0 0 0 0 0 0 0 
2005 10 0 0 0 0 0 0 0 0 0 0 0 
2006 10 0 0 0 0 0 0 0 0 0 0 0 
2007 10 0 0 0 0 0 0 0 0 0 0 0 
2008 10 0 0 0 0 0 0 0 0 0 0 0 
2009 10 0 0 0 0 0 0 0 0 0 0 0 
2010 10 0 0 0 0 0 0 0 0 0 0 0 
2011 10 0 0 0 0 0 0 0 0 0 0 0 
2012 10 0 0 0 0 0 0 0 0 0 0 0 
2013 10 0 0 0 0 0 0 0 0 0 0 0 
2014 10 0 0 0 0 0 0 0 0 0 0 0 
2015 10 0 0 0 0 0 0 0 0 0 0 0 
2016 10 0 0 0 0 0 0 0 0 0 0 0 
2017 10 0 0 0 0 0 0 0 0 0 0 0 
2018 10 0 0 0 0 0 0 0 0 0 0 0 
2019 10 61 0 0 0 0 0 0 0 0 0 0 
2020 10 62 0 0 0 0 0 0 0 0 0 0 
2021 10 63 0 0 0 0 0 0 0 0 0 0 
2022 10 64 0 0 0 0 0 0 0 0 0 0 
2023 10 65 0 0 0 0 0 0 0 0 0 0 
2024 10 66 0 0 0 0 0 0 0 0 0 0 
2025 10 0 0 0 0 0 0 0 0 0 0 0 
2026 10 0 0 0 0 0 0 0 0 0 0 0 
2027 10 0 0 0 0 0 0 0 0 0 0 0 
2028 10 0 0 0 0 0 0 0 0 0 0 0 
2029 10 0 0 0 0 0 0 0 0 0 0 0 
2030 10 0 0 0 0 0 0 0 0 0 0 0 
2031 10 0 0 0 0 0 0 0 0 0 0 0 
2032 10 0 0 0 0 0 0 0 0 0 0 0 
2033 10 0 0 0 0 0 0 0 0 0 0 0 
2034 10 0 0 0 0 0 0 0 0 0 0 0 
2035 10 0 0 0 0 0 0 0 0 0 0 0 
2036 10 0 0 0 0 0 0 0 0 0 0 0 
2037 10 0 0 0 0 0 0 0 0 0 0 0 
2038 10 0 0 0 0 0 0 0 0 0 0 0 
2039 10 0 0 0 0 0 0 0 0 0 0 0 
2040 10 0 0 0 0 0 0 0 0 0 0 0 
2041 10 0 0 0 0 0 0 0 0 0 0 0 
2042 10 0 0 0 0 0 0 0 0 0 0 0 
2043 10 0 0 0 0 0 0 0 0 0 0 0 
2044 10 0 0 0 0 0 0 0 0 0 0 0 
2045 10 0 0 0 0 0 0 0 0 0 0 0 
2046 10 0 0 0 0 0 0 0 0 0 0 0 

0 3 1 2 ornament_3 0.0217786 8 -89 104 120.7 82.655 328.717 -127 -19 297.676 1.17986 41.8693 52 52 302.438 206.281 33.4234 104 15 266.865 90.5441 173.354 16 -1 233.071 233.254 283.864 69 -108 308.95 315.544 20.8608 38 -122 74.0865 237.146 33.6101 -75 -224 161.326 153.27 137.319 
1 3 1 2 ornament_3 0.0833333 3 54 148 9.29339 263.365 220.696 -182 124 120.7 82.655 328.717 146 146 285.805 240.434 253.604 
2 3 1 2 ornament_3 0.9375 5 89 -201 302.438 206.281 33.4234 92 -96 169.515 333.509 308.664 -77 110 295.905 120.295 272.914 234 17 266.865 90.5441 173.354 202 -1 34.1672 96.5526 57.4015 
3 3 1 2 ornament_3 0.176471 1 108 163 285.805 240.434 253.604 
4 3 1 2 ornament_3 0.136364 1 74 36 292.692 122.427 302.87 
5 3 1 2 ornament_3 0.967742 10 -22 -122 132.831 249.717 35.5729 138 -62 266.865 90.5441 173.354 -142 118 123.748 235.561 145.923 78 98 238.624 199.593 27.0926 58 -122 74.0865 237.146 33.6101 -2 138 238.624 199.593 27.0926 -62 -162 76.7366 8.99112 344.183 18 138 6.36401 4.24355 197.664 138 78 302.438 206.281 33.4234 109 -168 53.4756 35.3075 66.9486 
6 3 1 2 ornament_3 0.923077 8 190 151 132.831 249.717 35.5729 -20 112 161.326 153.27 137.319 17 94 53.4756 35.3075 66.9486 168 206 37.3611 283.682 91.5543 -59 93 308.95 315.544 20.8608 36 55 53.4756 35.3075 66.9486 231 -138 305.904 146.477 354.32 224 73 285.805 240.434 253.604 
7 3 1 2 ornament_3 0.6 9 196 136 6.36401 4.24355 197.664 36 150 329.574 311.398 206.594 55 207 115.539 343.401 262.471 35 73 115.539 343.401 262.471 17 149 115.539 343.401 262.471 126 -75 89.9455 137.754 129.891 111 92 206.915 139.42 210.565 91 -114 169.515 333.509 308.664 125 -182 123.748 235.561 145.923 
8 3 1 2 ornament_3 0.25 2 246 -21 120.7 82.655 328.717 54 110 233.071 233.254 283.864 
9 3 1 2 ornament_3 0.9375 5 237 -20 132.831 249.717 35.5729 53 -148 93.6439 169.049 285.122 243 -39 104.684 92.2469 69.6172 -205 90 53.4756 35.3075 66.9486 142 -19 93.6439 169.049 285.122 
10 3 1 2 ornament_3 0.75 1 199 -42 74.0865 237.146 33.6101 
11 3 1 2 ornament_3 0.970588 11 178 98 266.865 90.5441 173.354 -185 -148 297.676 1.17986 41.8693 132 -1 287.883 131.321 357.099 183 -76 161.326 153.27 137.319 94 -21 305.904 146.477 354.32 34 -181 161.326 153.27 137.319 71 -166 104.684 92.2469 69.6172 134 -60 305.904 146.477 354.32 -112 127 120.7 82.655 328.717 -60 -138 37.3611 283.682 91.5543 134 95 5.41839 328.053 205.042 
12 3 1 2 ornament_3 0.923077 4 149 16 57.9851 252.654 264.984 165 128 285.805 240.434 253.604 285 113 37.3611 283.682 91.5543 54 54 233.071 233.254 283.864 
13 3 1 2 ornament_3 0.545455 2 74 17 287.883 131.321 357.099 194 -60 305.904 146.477 354.32 
14 3 1 2 ornament_3 0.352941 2 75 -215 65.7688 83.9268 38.7169 131 -211 6.36401 4.24355 197.664 
15 3 1 2 ornament_3 0.142857 1 206 187 206.915 139.42 210.565 
16 3 1 2 ornament_3 0.333333 1 150 -211 206.915 139.42 210.565 
17 3 1 2 ornament_3 0.642857 3 37 136 269.173 16.7794 96.58 114 289 5.41839 328.053 205.042 -42 159 238.624 199.593 27.0926 
18 3 1 2 ornament_3 0.923077 4 -178 56 89.9455 137.754 129.891 192 133 123.748 235.561 145.923 -40 227 161.326 153.27 137.319 -110 125 313.414 342.207 26.1599 
19 3 1 2 ornament_3 0.0833333 1 -2 -123 76.7366 8.99112 344.183 
20 3 1 2 ornament_3 0.0536673 10 -106 50 120.7 82.655 328.717 190 -19 76.7366 8.99112 344.183 -19 120 9.29339 263.365 220.696 -89 85 120.7 82.655 328.717 -1 138 9.29339 263.365 220.696 68 -89 76.7366 8.99112 344.183 -1 121 9.29339 263.365 220.696 -19 86 9.29339 263.365 220.696 175 -54 76.7366 8.99112 344.183 85 68 76.7366 8.99112 344.183 
21 3 1 2 ornament_3 0.123288 3 -162 123 120.7 82.655 328.717 -20 282 206.915 139.42 210.565 207 -78 57.9851 252.654 264.984 
22 3 1 2 ornament_3 0.25 4 55 36 161.326 153.27 137.319 77 215 120.7 82.655 328.717 230 133 65.7688 83.9268 38.7169 -41 95 292.692 122.427 302.87 
23 3 1 2 ornament_3 0.818182 3 -155 209 132.831 249.717 35.5729 -82 118 233.071 233.254 283.864 37 135 37.3611 283.682 91.5543 
24 3 1 2 ornament_3 0.659091 29 -79 269 104.684 92.2469 69.6172 17 197 250.674 6.97025 120.65 98 199 6.36401 4.24355 197.664 75 211 132.831 249.717 35.5729 176 -21 53.4756 35.3075 66.9486 -157 -118 269.173 16.7794 96.58 -21 231 132.831 249.717 35.5729 -115 262 104.684 92.2469 69.6172 -1 133 53.222 265.966 109.841 -58 91 295.905 120.295 272.914 -21 174 219.754 284.257 328.18 76 -1 53.4756 35.3075 66.9486 73 35 295.905 120.295 272.914 259 -20 292.692 122.427 302.87 171 151 120.7 82.655 328.717 129 -114 115.539 343.401 262.471 222 16 292.692 122.427 302.87 -134 111 37.3611 283.682 91.5543 153 56 9.29339 263.365 220.696 130 92 93.6439 169.049 285.122 -151 148 219.754 284.257 328.18 -58 224 104.684 92.2469 69.6172 -20 54 295.905 120.295 272.914 -95 129 298.287 125.48 29.1923 110 -95 115.539 343.401 262.471 -152 205 93.6439 169.049 285.122 224 -20 287.883 131.321 357.099 243 -39 287.883 131.321 357.099 149 205 5.41839 328.053 205.042 
25 3 1 2 ornament_3 0.840659 51 110 91 93.6439 169.049 285.122 -21 131 104.684 92.2469 69.6172 147 241 206.915 139.42 210.565 224 -1 250.674 6.97025 120.65 -1 36 161.326 153.27 137.319 -40 150 250.674 6.97025 120.65 -1 16 292.692 122.427 302.87 -78 150 287.883 131.321 357.099 112 93 219.754 284.257 328.18 36 94 298.287 125.48 29.1923 -187 16 298.287 125.48 29.1923 54 128 9.29339 263.365 220.696 -58 130 219.754 284.257 328.18 93 -77 53.4756 35.3075 66.9486 -59 152 287.883 131.321 357.099 276 -57 295.905 120.295 272.914 -39 129 250.674 6.97025 120.65 -1 55 104.684 92.2469 69.6172 -57 -20 297.676 1.17986 41.8693 72 -20 295.905 120.295 272.914 -76 185 104.684 92.2469 69.6172 54 92 250.674 6.97025 120.65 131 -96 298.287 125.48 29.1923 148 -1 9.29339 263.365 220.696 -114 148 295.905 120.295 272.914 -20 73 53.222 265.966 109.841 -96 168 53.222 265.966 109.841 276 -94 292.692 122.427 302.87 -58 130 161.326 153.27 137.319 -59 151 53.222 265.966 109.841 55 -39 298.287 125.48 29.1923 -39 -1 292.692 122.427 302.87 17 130 132.831 249.717 35.5729 -76 54 292.692 122.427 302.87 -96 149 53.222 265.966 109.841 -114 128 302.438 206.281 33.4234 -169 184 153.119 138.421 212.877 -94 -1 305.904 146.477 354.32 -152 16 298.287 125.48 29.1923 -170 -1 53.222 265.966 109.841 110 73 285.805 240.434 253.604 91 -1 269.173 16.7794 96.58 73 35 9.29339 263.365 220.696 -39 131 104.684 92.2469 69.6172 185 -114 287.883 131.321 357.099 -57 -57 297.676 1.17986 41.8693 -58 129 285.805 240.434 253.604 -207 -39 89.9455 137.754 129.891 -190 -58 89.9455 137.754 129.891 -20 166 329.574 311.398 206.594 -113 -1 313.414 342.207 26.1599 
26 3 1 2 ornament_3 0.588235 80 18 160 302.438 206.281 33.4234 -1 116 34.1672 96.5526 57.4015 -194 152 74.0865 237.146 33.6101 -157 173 76.7366 8.99112 344.183 37 176 6.36401 4.24355 197.664 -232 94 74.0865 237.146 33.6101 170 36 53.222 265.966 109.841 -190 224 53.4756 35.3075 66.9486 -96 226 285.805 240.434 253.604 -189 204 93.6439 169.049 285.122 -229 -115 285.805 240.434 253.604 -268 17 89.9455 137.754 129.891 -213 113 74.0865 237.146 33.6101 -225 147 104.684 92.2469 69.6172 -172 263 153.119 138.421 212.877 -115 205 295.905 120.295 272.914 -1 228 5.41839 328.053 205.042 -115 281 329.574 311.398 206.594 -237 37 266.865 90.5441 173.354 131 36 53.222 265.966 109.841 205 35 295.905 120.295 272.914 -20 261 206.915 139.42 210.565 -153 262 329.574 311.398 206.594 168 187 37.3611 283.682 91.5543 133 -40 104.684 92.2469 69.6172 -152 261 153.119 138.421 212.877 152 -40 104.684 92.2469 69.6172 -117 190 132.831 249.717 35.5729 -77 150 76.7366 8.99112 344.183 74 93 37.3611 283.682 91.5543 -246 16 89.9455 137.754 129.891 -116 188 57.9851 252.654 264.984 -115 188 93.6439 169.049 285.122 -96 186 266.865 90.5441 173.354 -40 94 37.3611 283.682 91.5543 -189 204 53.4756 35.3075 66.9486 35 16 292.692 122.427 302.87 -209 187 104.684 92.2469 69.6172 94 114 219.754 284.257 328.18 187 17 53.222 265.966 109.841 -288 -20 89.9455 137.754 129.891 -115 -1 34.1672 96.5526 57.4015 -39 185 285.805 240.434 253.604 111 -39 287.883 131.321 357.099 -115 169 93.6439 169.049 285.122 35 -1 308.95 315.544 20.8608 -96 167 266.865 90.5441 173.354 93 151 132.831 249.717 35.5729 -172 149 132.831 249.717 35.5729 37 115 6.36401 4.24355 197.664 -188 184 53.4756 35.3075 66.9486 54 -1 295.905 120.295 272.914 74 -39 298.287 125.48 29.1923 128 53 93.6439 169.049 285.122 -1 74 53.222 265.966 109.841 -189 -1 238.624 199.593 27.0926 -20 92 76.7366 8.99112 344.183 -190 205 104.684 92.2469 69.6172 -281 -76 34.1672 96.5526 57.4015 224 92 37.3611 283.682 91.5543 166 -95 287.883 131.321 357.099 92 17 53.222 265.966 109.841 -76 147 266.865 90.5441 173.354 -114 147 302.438 206.281 33.4234 -20 73 93.6439 169.049 285.122 -114 129 53.222 265.966 109.841 202 -1 53.222 265.966 109.841 -116 93 76.7366 8.99112 344.183 -188 184 161.326 153.27 137.319 -96 130 93.6439 169.049 285.122 132 93 120.7 82.655 328.717 36 75 6.36401 4.24355 197.664 -1 -20 89.9455 137.754 129.891 -152 -58 34.1672 96.5526 57.4015 -96 129 266.865 90.5441 173.354 -76 129 266.865 90.5441 173.354 -1 148 329.574 311.398 206.594 -39 -20 34.1672 96.5526 57.4015 -20 17 287.883 131.321 357.099 129 -208 233.071 233.254 283.864 
27 3 1 2 ornament_3 0.825 11 -39 -20 308.95 315.544 20.8608 -39 54 305.904 146.477 354.32 -96 -58 34.1672 96.5526 57.4015 -20 130 74.0865 237.146 33.6101 -114 110 93.6439 169.049 285.122 -172 55 74.0865 237.146 33.6101 -132 -1 238.624 199.593 27.0926 167 -133 287.883 131.321 357.099 -169 165 104.684 92.2469 69.6172 -115 111 285.805 240.434 253.604 -39 -39 34.1672 96.5526 57.4015 
28 3 1 2 ornament_3 0.475862 23 -40 74 287.883 131.321 357.099 148 110 285.805 240.434 253.604 36 36 37.3611 283.682 91.5543 -212 93 74.0865 237.146 33.6101 -136 -213 269.173 16.7794 96.58 190 36 120.7 82.655 328.717 93 -21 298.287 125.48 29.1923 74 55 37.3611 283.682 91.5543 55 131 93.6439 169.049 285.122 55 227 74.0865 237.146 33.6101 77 156 219.754 284.257 328.18 -58 186 104.684 92.2469 69.6172 94 -40 104.684 92.2469 69.6172 17 17 65.7688 83.9268 38.7169 128 -114 104.684 92.2469 69.6172 -59 112 76.7366 8.99112 344.183 -1 36 287.883 131.321 357.099 149 73 285.805 240.434 253.604 36 17 104.684 92.2469 69.6172 55 36 37.3611 283.682 91.5543 170 113 120.7 82.655 328.717 36 -20 305.904 146.477 354.32 -153 -58 305.904 146.477 354.32 
29 3 1 2 ornament_3 0.25 8 76 37 302.438 206.281 33.4234 -156 -137 269.173 16.7794 96.58 76 57 302.438 206.281 33.4234 174 56 123.748 235.561 145.923 55 188 5.41839 328.053 205.042 -1 190 132.831 249.717 35.5729 113 210 57.9851 252.654 264.984 234 37 123.748 235.561 145.923 
30 3 1 2 ornament_3 0.65493 31 155 116 65.7688 83.9268 38.7169 214 37 123.748 235.561 145.923 -173 -20 89.9455 137.754 129.891 -173 208 329.574 311.398 206.594 132 113 297.676 1.17986 41.8693 232 -41 266.865 90.5441 173.354 151 170 37.3611 283.682 91.5543 -59 -1 5.41839 328.053 205.042 -117 132 76.7366 8.99112 344.183 -213 113 302.438 206.281 33.4234 56 154 34.1672 96.5526 57.4015 75 173 123.748 235.561 145.923 -78 113 76.7366 8.99112 344.183 133 -60 53.4756 35.3075 66.9486 233 -21 266.865 90.5441 173.354 -229 -39 115.539 343.401 262.471 95 37 65.7688 83.9268 38.7169 -195 75 266.865 90.5441 173.354 191 -21 9.29339 263.365 220.696 75 172 34.1672 96.5526 57.4015 195 -1 266.865 90.5441 173.354 173 56 65.7688 83.9268 38.7169 112 -116 298.287 125.48 29.1923 -195 56 266.865 90.5441 173.354 174 37 285.805 240.434 253.604 -235 17 302.438 206.281 33.4234 196 37 266.865 90.5441 173.354 176 57 9.29339 263.365 220.696 116 -41 53.4756 35.3075 66.9486 -21 211 5.41839 328.053 205.042 -100 175 123.748 235.561 145.923 
31 3 1 2 ornament_3 0.367347 6 56 134 34.1672 96.5526 57.4015 214 -1 266.865 90.5441 173.354 -41 154 123.748 235.561 145.923 96 136 297.676 1.17986 41.8693 -229 -134 285.805 240.434 253.604 -266 -20 74.0865 237.146 33.6101 
32 3 1 2 ornament_3 0.333333 1 -175 55 266.865 90.5441 173.354 
33 3 1 2 ornament_3 0.75 5 -232 -78 238.624 199.593 27.0926 17 17 37.3611 283.682 91.5543 112 17 37.3611 283.682 91.5543 74 170 5.41839 328.053 205.042 -97 -78 89.9455 137.754 129.891 
34 3 1 2 ornament_3 0.8 4 94 55 6.36401 4.24355 197.664 133 17 65.7688 83.9268 38.7169 153 36 285.805 240.434 253.604 195 -41 266.865 90.5441 173.354 
35 3 1 2 ornament_3 0.980769 17 -186 90 215.776 49.9244 183.797 -94 238 57.9851 252.654 264.984 -202 34 298.287 125.48 29.1923 -37 142 305.904 146.477 354.32 -112 164 287.883 131.321 357.099 -205 146 219.754 284.257 328.18 -167 126 215.776 49.9244 183.797 -236 88 120.7 82.655 328.717 -166 53 6.36401 4.24355 197.664 -184 -74 206.915 139.42 210.565 -57 109 305.904 146.477 354.32 34 88 76.7366 8.99112 344.183 -1 257 153.119 138.421 212.877 108 163 169.515 333.509 308.664 200 -20 250.674 6.97025 120.65 202 -38 153.119 138.421 212.877 16 144 233.071 233.254 283.864 
36 3 1 2 ornament_3 0.333333 1 104 104 76.7366 8.99112 344.183 
37 3 1 2 ornament_3 0.873786 30 -72 175 9.29339 263.365 220.696 -178 68 120.7 82.655 328.717 -161 86 120.7 82.655 328.717 87 51 266.865 90.5441 173.354 -1 193 9.29339 263.365 220.696 -269 -1 120.7 82.655 328.717 176 104 76.7366 8.99112 344.183 -144 105 313.414 342.207 26.1599 -37 87 233.071 233.254 283.864 -128 52 115.539 343.401 262.471 -74 34 6.36401 4.24355 197.664 142 16 93.6439 169.049 285.122 -218 88 65.7688 83.9268 38.7169 88 16 238.624 199.593 27.0926 -74 70 115.539 343.401 262.471 16 70 302.438 206.281 33.4234 -219 107 65.7688 83.9268 38.7169 197 -56 292.692 122.427 302.87 -202 125 313.414 342.207 26.1599 -183 107 65.7688 83.9268 38.7169 -20 89 302.438 206.281 33.4234 -220 89 313.414 342.207 26.1599 234 -74 292.692 122.427 302.87 -20 125 302.438 206.281 33.4234 -111 53 238.624 199.593 27.0926 -239 71 313.414 342.207 26.1599 -1 180 266.865 90.5441 173.354 34 52 93.6439 169.049 285.122 -166 34 287.883 131.321 357.099 125 -38 238.624 199.593 27.0926 
38 3 1 2 ornament_3 0.913043 7 -74 -92 5.41839 328.053 205.042 -131 128 219.754 284.257 328.18 -57 128 250.674 6.97025 120.65 34 71 93.6439 169.049 285.122 -94 108 219.754 284.257 328.18 89 34 250.674 6.97025 120.65 126 16 250.674 6.97025 120.65 
39 3 1 2 ornament_3 0.634615 33 -186 16 215.776 49.9244 183.797 235 -1 295.905 120.295 272.914 72 -20 308.95 315.544 20.8608 -75 -38 206.915 139.42 210.565 -113 -38 297.676 1.17986 41.8693 90 128 215.776 49.9244 183.797 -130 90 295.905 120.295 272.914 164 -57 292.692 122.427 302.87 109 53 219.754 284.257 328.18 -94 239 153.119 138.421 212.877 -205 127 93.6439 169.049 285.122 -113 16 206.915 139.42 210.565 -57 237 329.574 311.398 206.594 -167 53 215.776 49.9244 183.797 -278 108 313.414 342.207 26.1599 -1 236 57.9851 252.654 264.984 -38 108 169.515 333.509 308.664 -57 202 266.865 90.5441 173.354 -20 127 266.865 90.5441 173.354 -204 16 215.776 49.9244 183.797 -258 71 313.414 342.207 26.1599 -222 145 65.7688 83.9268 38.7169 34 237 57.9851 252.654 264.984 -204 145 308.95 315.544 20.8608 53 -1 89.9455 137.754 129.891 16 109 269.173 16.7794 96.58 -203 126 53.4756 35.3075 66.9486 16 108 233.071 233.254 283.864 -131 90 287.883 131.321 357.099 -148 71 287.883 131.321 357.099 -1 126 169.515 333.509 308.664 109 128 285.805 240.434 253.604 -130 -20 233.071 233.254 283.864 
40 3 1 2 ornament_3 0.214286 1 -184 53 298.287 125.48 29.1923 
41 3 1 2 ornament_3 0.032967 1 -162 118 123.748 235.561 145.923 
42 3 1 2 ornament_3 0.12 1 -128 -38 37.3611 283.682 91.5543 
43 3 1 2 ornament_3 0.204545 3 35 -57 76.7366 8.99112 344.183 -90 -178 123.748 235.561 145.923 -72 -161 123.748 235.561 145.923 
44 3 1 2 ornament_3 0.947368 6 -144 -19 120.7 82.655 328.717 -179 -37 120.7 82.655 328.717 -38 71 9.29339 263.365 220.696 68 -125 76.7366 8.99112 344.183 122 -126 76.7366 8.99112 344.183 69 -161 123.748 235.561 145.923 
45 3 1 2 ornament_3 0.75 1 -1 -215 123.748 235.561 145.923 
46 3 1 2 ornament_3 0.333333 2 87 -37 266.865 90.5441 173.354 -146 -19 132.831 249.717 35.5729 
47 3 1 2 ornament_3 0.6 2 -180 33 313.414 342.207 26.1599 -91 105 9.29339 263.365 220.696 
48 3 1 2 ornament_3 0.882353 20 -20 -57 238.624 199.593 27.0926 -150 147 104.684 92.2469 69.6172 16 146 206.915 139.42 210.565 -57 54 266.865 90.5441 173.354 16 35 285.805 240.434 253.604 -1 -132 161.326 153.27 137.319 -1 54 74.0865 237.146 33.6101 -169 146 104.684 92.2469 69.6172 -76 54 302.438 206.281 33.4234 110 -20 250.674 6.97025 120.65 -132 147 153.119 138.421 212.877 -1 128 57.9851 252.654 264.984 -20 -57 6.36401 4.24355 197.664 -76 -1 292.692 122.427 302.87 -150 -206 169.515 333.509 308.664 16 53 74.0865 237.146 33.6101 -39 -20 120.7 82.655 328.717 91 -76 238.624 199.593 27.0926 -224 -131 34.1672 96.5526 57.4015 53 53 215.776 49.9244 183.797 
49 3 1 2 ornament_3 0.986014 47 -39 35 266.865 90.5441 173.354 -95 -1 76.7366 8.99112 344.183 -114 128 53.4756 35.3075 66.9486 16 -1 169.515 333.509 308.664 -94 91 153.119 138.421 212.877 -1 -1 115.539 343.401 262.471 16 184 57.9851 252.654 264.984 -1 16 115.539 343.401 262.471 54 54 9.29339 263.365 220.696 239 -1 53.222 265.966 109.841 181 -75 292.692 122.427 302.87 -220 34 313.414 342.207 26.1599 -147 -56 295.905 120.295 272.914 -38 -20 115.539 343.401 262.471 -73 51 219.754 284.257 328.18 70 34 219.754 284.257 328.18 -1 -20 233.071 233.254 283.864 89 -74 308.95 315.544 20.8608 52 -92 153.119 138.421 212.877 -183 88 65.7688 83.9268 38.7169 -147 161 161.326 153.27 137.319 16 70 266.865 90.5441 173.354 -165 143 53.4756 35.3075 66.9486 -146 -164 285.805 240.434 253.604 -220 -92 297.676 1.17986 41.8693 -128 16 295.905 120.295 272.914 -182 34 65.7688 83.9268 38.7169 16 -19 6.36401 4.24355 197.664 109 -1 250.674 6.97025 120.65 -218 -56 297.676 1.17986 41.8693 34 88 266.865 90.5441 173.354 -56 34 115.539 343.401 262.471 70 -74 153.119 138.421 212.877 108 -38 238.624 199.593 27.0926 -74 -1 295.905 120.295 272.914 143 16 219.754 284.257 328.18 -75 34 238.624 199.593 27.0926 16 34 219.754 284.257 328.18 88 -37 93.6439 169.049 285.122 52 -109 153.119 138.421 212.877 -19 34 233.071 233.254 283.864 -55 51 219.754 284.257 328.18 141 -1 219.754 284.257 328.18 105 -1 219.754 284.257 328.18 52 16 266.865 90.5441 173.354 52 34 266.865 90.5441 173.354 -110 106 9.29339 263.365 220.696 
50 3 1 2 ornament_3 0.789474 25 -77 130 53.222 265.966 109.841 -20 35 93.6439 169.049 285.122 -58 54 93.6439 169.049 285.122 35 73 120.7 82.655 328.717 -39 130 53.4756 35.3075 66.9486 -39 35 93.6439 169.049 285.122 168 -58 9.29339 263.365 220.696 -39 111 74.0865 237.146 33.6101 -95 91 93.6439 169.049 285.122 92 -152 115.539 343.401 262.471 128 -57 57.9851 252.654 264.984 111 -20 9.29339 263.365 220.696 16 92 132.831 249.717 35.5729 -20 -58 313.414 342.207 26.1599 -133 35 53.222 265.966 109.841 -96 73 74.0865 237.146 33.6101 -58 111 104.684 92.2469 69.6172 165 54 215.776 49.9244 183.797 -76 -39 313.414 342.207 26.1599 36 -77 104.684 92.2469 69.6172 -132 16 287.883 131.321 357.099 55 17 297.676 1.17986 41.8693 110 54 132.831 249.717 35.5729 17 -77 287.883 131.321 357.099 -58 92 285.805 240.434 253.604 
51 3 1 2 ornament_3 0.883636 81 92 -115 292.692 122.427 302.87 36 -1 297.676 1.17986 41.8693 -95 54 292.692 122.427 302.87 92 -134 287.883 131.321 357.099 -20 -20 37.3611 283.682 91.5543 -115 73 285.805 240.434 253.604 35 -96 292.692 122.427 302.87 54 35 9.29339 263.365 220.696 -133 35 308.95 315.544 20.8608 168 -58 34.1672 96.5526 57.4015 -39 -77 5.41839 328.053 205.042 -95 -39 308.95 315.544 20.8608 91 -95 313.414 342.207 26.1599 36 -96 104.684 92.2469 69.6172 54 -114 104.684 92.2469 69.6172 16 -96 313.414 342.207 26.1599 149 -172 287.883 131.321 357.099 54 -58 89.9455 137.754 129.891 -39 -96 89.9455 137.754 129.891 -39 74 104.684 92.2469 69.6172 -115 111 104.684 92.2469 69.6172 -172 54 308.95 315.544 20.8608 72 -132 104.684 92.2469 69.6172 203 -20 215.776 49.9244 183.797 -207 -39 74.0865 237.146 33.6101 -39 109 153.119 138.421 212.877 73 -152 115.539 343.401 262.471 16 16 115.539 343.401 262.471 -20 -58 287.883 131.321 357.099 54 -20 233.071 233.254 283.864 -133 16 308.95 315.544 20.8608 -58 54 74.0865 237.146 33.6101 -58 73 104.684 92.2469 69.6172 -77 73 53.222 265.966 109.841 -114 -58 313.414 342.207 26.1599 35 128 57.9851 252.654 264.984 35 -115 104.684 92.2469 69.6172 -58 -39 305.904 146.477 354.32 93 -174 298.287 125.48 29.1923 -76 110 53.4756 35.3075 66.9486 35 -58 115.539 343.401 262.471 -39 -20 305.904 146.477 354.32 73 -39 9.29339 263.365 220.696 72 128 206.915 139.42 210.565 -1 110 206.915 139.42 210.565 -39 -58 37.3611 283.682 91.5543 35 -39 297.676 1.17986 41.8693 128 35 215.776 49.9244 183.797 110 -244 115.539 343.401 262.471 -39 -39 287.883 131.321 357.099 -95 110 53.4756 35.3075 66.9486 36 -58 298.287 125.48 29.1923 -20 -114 313.414 342.207 26.1599 -115 -39 308.95 315.544 20.8608 -135 -1 266.865 90.5441 173.354 -76 -39 292.692 122.427 302.87 55 17 34.1672 96.5526 57.4015 -133 -20 285.805 240.434 253.604 -1 36 5.41839 328.053 205.042 35 -1 123.748 235.561 145.923 -39 92 329.574 311.398 206.594 -1 35 285.805 240.434 253.604 -96 -20 287.883 131.321 357.099 130 -20 34.1672 96.5526 57.4015 -1 35 329.574 311.398 206.594 -20 73 329.574 311.398 206.594 -134 17 302.438 206.281 33.4234 -135 -20 266.865 90.5441 173.354 -39 -57 238.624 199.593 27.0926 -58 -1 161.326 153.27 137.319 -58 17 53.222 265.966 109.841 -76 -76 37.3611 283.682 91.5543 -39 17 104.684 92.2469 69.6172 -96 35 161.326 153.27 137.319 -114 73 153.119 138.421 212.877 -39 16 285.805 240.434 253.604 54 72 57.9851 252.654 264.984 -20 -133 295.905 120.295 272.914 54 -39 9.29339 263.365 220.696 -1 17 329.574 311.398 206.594 -76 -1 266.865 90.5441 173.354 
52 3 1 2 ornament_3 0.662338 17 73 -20 269.173 16.7794 96.58 -58 -39 76.7366 8.99112 344.183 -132 -20 6.36401 4.24355 197.664 -114 -77 313.414 342.207 26.1599 -76 -57 115.539 343.401 262.471 35 16 285.805 240.434 253.604 -95 73 93.6439 169.049 285.122 -39 166 329.574 311.398 206.594 129 -227 233.071 233.254 283.864 -96 -77 34.1672 96.5526 57.4015 206 -210 298.287 125.48 29.1923 -58 -1 37.3611 283.682 91.5543 -39 -96 6.36401 4.24355 197.664 35 -1 120.7 82.655 328.717 -152 -20 53.222 265.966 109.841 92 -39 9.29339 263.365 220.696 -210 73 308.95 315.544 20.8608 
53 3 1 2 ornament_3 0.850746 19 93 -1 120.7 82.655 328.717 -77 -96 89.9455 137.754 129.891 -1 -78 287.883 131.321 357.099 -116 -78 305.904 146.477 354.32 -39 -115 89.9455 137.754 129.891 111 -266 115.539 343.401 262.471 -188 -132 292.692 122.427 302.87 -96 17 169.515 333.509 308.664 112 -116 9.29339 263.365 220.696 -40 55 250.674 6.97025 120.65 -230 -20 76.7366 8.99112 344.183 -20 55 305.904 146.477 354.32 93 -40 297.676 1.17986 41.8693 131 -97 9.29339 263.365 220.696 55 -20 120.7 82.655 328.717 -78 -97 6.36401 4.24355 197.664 36 -96 287.883 131.321 357.099 -1 17 53.4756 35.3075 66.9486 -153 -153 297.676 1.17986 41.8693 
54 3 1 2 ornament_3 0.967742 10 -38 16 120.7 82.655 328.717 -1 -20 76.7366 8.99112 344.183 144 -111 6.36401 4.24355 197.664 108 16 89.9455 137.754 129.891 52 34 93.6439 169.049 285.122 -239 16 313.414 342.207 26.1599 181 -93 313.414 342.207 26.1599 71 53 169.515 333.509 308.664 -1 53 233.071 233.254 283.864 -1 -38 6.36401 4.24355 197.664 
55 3 1 2 ornament_3 0.454545 5 108 -112 161.326 153.27 137.319 -1 94 298.287 125.48 29.1923 -249 -40 76.7366 8.99112 344.183 -40 36 269.173 16.7794 96.58 -196 17 266.865 90.5441 173.354 
56 3 1 2 ornament_3 0.852941 29 16 72 215.776 49.9244 183.797 90 -20 89.9455 137.754 129.891 -185 -75 292.692 122.427 302.87 -75 53 169.515 333.509 308.664 220 -20 53.222 265.966 109.841 -131 -205 169.515 333.509 308.664 71 -130 161.326 153.27 137.319 -259 16 313.414 342.207 26.1599 -131 16 215.776 49.9244 183.797 53 -130 161.326 153.27 137.319 -243 -76 34.1672 96.5526 57.4015 -149 16 313.414 342.207 26.1599 -187 -150 34.1672 96.5526 57.4015 90 -57 238.624 199.593 27.0926 -150 -1 292.692 122.427 302.87 16 -38 238.624 199.593 27.0926 90 -76 89.9455 137.754 129.891 -131 -20 215.776 49.9244 183.797 202 -150 292.692 122.427 302.87 16 -57 93.6439 169.049 285.122 -20 108 215.776 49.9244 183.797 238 -75 295.905 120.295 272.914 -75 71 169.515 333.509 308.664 -38 71 169.515 333.509 308.664 -129 -56 206.915 139.42 210.565 16 72 169.515 333.509 308.664 -75 90 215.776 49.9244 183.797 -1 201 57.9851 252.654 264.984 145 -94 238.624 199.593 27.0926 
57 3 1 2 ornament_3 0.671875 43 16 -131 161.326 153.27 137.319 35 -113 161.326 153.27 137.319 170 -40 65.7688 83.9268 38.7169 -20 17 298.287 125.48 29.1923 -136 75 104.684 92.2469 69.6172 56 75 123.748 235.561 145.923 55 -174 305.904 146.477 354.32 17 -59 34.1672 96.5526 57.4015 55 -1 123.748 235.561 145.923 190 -1 65.7688 83.9268 38.7169 113 -21 120.7 82.655 328.717 190 -1 120.7 82.655 328.717 -174 -59 76.7366 8.99112 344.183 228 -59 120.7 82.655 328.717 -20 -59 269.173 16.7794 96.58 -59 -21 298.287 125.48 29.1923 -173 -116 287.883 131.321 357.099 -97 -174 269.173 16.7794 96.58 190 -194 305.904 146.477 354.32 94 -194 305.904 146.477 354.32 -175 -78 6.36401 4.24355 197.664 113 -21 65.7688 83.9268 38.7169 -1 -40 34.1672 96.5526 57.4015 210 -59 120.7 82.655 328.717 55 -59 53.222 265.966 109.841 -214 -117 238.624 199.593 27.0926 -155 17 266.865 90.5441 173.354 36 -40 37.3611 283.682 91.5543 151 -59 65.7688 83.9268 38.7169 -196 -1 266.865 90.5441 173.354 55 -116 298.287 125.48 29.1923 36 -79 65.7688 83.9268 38.7169 -78 36 298.287 125.48 29.1923 -194 -117 238.624 199.593 27.0926 -156 -98 6.36401 4.24355 197.664 -1 -59 37.3611 283.682 91.5543 -1 -40 53.4756 35.3075 66.9486 -193 93 161.326 153.27 137.319 36 -117 287.883 131.321 357.099 -138 -157 219.754 284.257 328.18 168 -134 53.222 265.966 109.841 169 -154 9.29339 263.365 220.696 94 -193 298.287 125.48 29.1923 
58 3 1 2 ornament_3 0.75 3 130 -20 5.41839 328.053 205.042 -119 -158 250.674 6.97025 120.65 -119 -177 250.674 6.97025 120.65 
59 3 1 2 ornament_3 0.255319 4 -21 -100 65.7688 83.9268 38.7169 56 -79 53.222 265.966 109.841 -141 -201 250.674 6.97025 120.65 139 18 285.805 240.434 253.604 
60 3 1 2 ornament_3 0.375 1 51 -19 266.865 90.5441 173.354 
61 3 1 2 ornament_3 0.989011 30 -20 -76 238.624 199.593 27.0926 -148 -74 295.905 120.295 272.914 35 72 57.9851 252.654 264.984 -20 16 266.865 90.5441 173.354 145 -130 6.36401 4.24355 197.664 -39 -58 76.7366 8.99112 344.183 -38 -20 219.754 284.257 328.18 -1 -76 238.624 199.593 27.0926 -58 -77 238.624 199.593 27.0926 -39 -77 233.071 233.254 283.864 35 -20 9.29339 263.365 220.696 -111 -1 132.831 249.717 35.5729 16 -76 238.624 199.593 27.0926 146 -150 5.41839 328.053 205.042 -39 -58 115.539 343.401 262.471 36 -96 297.676 1.17986 41.8693 16 52 9.29339 263.365 220.696 74 -211 233.071 233.254 283.864 -134 35 161.326 153.27 137.319 -96 -58 287.883 131.321 357.099 -115 -247 169.515 333.509 308.664 -149 -57 215.776 49.9244 183.797 143 -1 74.0865 237.146 33.6101 -114 -20 285.805 240.434 253.604 -77 -96 238.624 199.593 27.0926 -95 -114 37.3611 283.682 91.5543 -20 -96 238.624 199.593 27.0926 111 -39 34.1672 96.5526 57.4015 -1 -20 5.41839 328.053 205.042 16 -1 266.865 90.5441 173.354 
62 3 1 2 ornament_3 0.91791 41 35 16 5.41839 328.053 205.042 -1 -1 266.865 90.5441 173.354 -94 -20 215.776 49.9244 183.797 53 -20 132.831 249.717 35.5729 35 -95 238.624 199.593 27.0926 16 -20 285.805 240.434 253.604 35 -76 219.754 284.257 328.18 53 -75 93.6439 169.049 285.122 -1 -58 115.539 343.401 262.471 -74 -38 219.754 284.257 328.18 -1 72 57.9851 252.654 264.984 -38 -20 206.915 139.42 210.565 91 -133 238.624 199.593 27.0926 16 -168 161.326 153.27 137.319 -1 -20 329.574 311.398 206.594 -38 -1 215.776 49.9244 183.797 -1 -20 132.831 249.717 35.5729 -58 -76 302.438 206.281 33.4234 73 -1 57.9851 252.654 264.984 35 -95 6.36401 4.24355 197.664 -149 -75 74.0865 237.146 33.6101 35 -20 215.776 49.9244 183.797 -20 -77 53.4756 35.3075 66.9486 72 53 206.915 139.42 210.565 91 -151 89.9455 137.754 129.891 -57 -20 215.776 49.9244 183.797 -202 -38 65.7688 83.9268 38.7169 -57 -1 153.119 138.421 212.877 -1 -76 115.539 343.401 262.471 54 -96 9.29339 263.365 220.696 -239 -75 65.7688 83.9268 38.7169 52 -92 302.438 206.281 33.4234 34 -38 132.831 249.717 35.5729 -20 -134 238.624 199.593 27.0926 -62 -82 132.831 249.717 35.5729 -20 -95 53.4756 35.3075 66.9486 -131 -38 292.692 122.427 302.87 -20 -93 5.41839 328.053 205.042 -39 16 9.29339 263.365 220.696 17 -115 219.754 284.257 328.18 -20 -134 233.071 233.254 283.864 
63 3 1 2 ornament_3 0.5 2 37 -99 250.674 6.97025 120.65 -21 -98 76.7366 8.99112 344.183 
64 3 1 2 ornament_3 0.907563 36 17 -192 313.414 342.207 26.1599 -119 -80 53.222 265.966 109.841 -21 -80 76.7366 8.99112 344.183 -99 -118 76.7366 8.99112 344.183 17 -60 120.7 82.655 328.717 94 -195 65.7688 83.9268 38.7169 -40 -98 76.7366 8.99112 344.183 -60 -156 6.36401 4.24355 197.664 -1 -117 305.904 146.477 354.32 -21 -136 269.173 16.7794 96.58 -1 -194 313.414 342.207 26.1599 -78 -78 298.287 125.48 29.1923 -117 36 104.684 92.2469 69.6172 -40 -97 287.883 131.321 357.099 188 -154 297.676 1.17986 41.8693 -116 17 53.4756 35.3075 66.9486 -78 -230 269.173 16.7794 96.58 -21 -175 313.414 342.207 26.1599 74 -58 34.1672 96.5526 57.4015 -116 -78 302.438 206.281 33.4234 17 -77 329.574 311.398 206.594 -117 -79 76.7366 8.99112 344.183 -40 -40 53.4756 35.3075 66.9486 93 -154 9.29339 263.365 220.696 17 -97 298.287 125.48 29.1923 -59 -40 298.287 125.48 29.1923 95 -176 65.7688 83.9268 38.7169 -59 -59 250.674 6.97025 120.65 56 -177 65.7688 83.9268 38.7169 154 -139 120.7 82.655 328.717 156 -160 34.1672 96.5526 57.4015 17 -180 65.7688 83.9268 38.7169 -80 -138 313.414 342.207 26.1599 -195 -176 76.7366 8.99112 344.183 38 -122 120.7 82.655 328.717 -139 17 104.684 92.2469 69.6172 
65 3 1 2 ornament_3 0.818182 3 18 -143 74.0865 237.146 33.6101 -62 -162 132.831 249.717 35.5729 98 -122 34.1672 96.5526 57.4015 
66 3 1 2 ornament_3 0.986842 125 88 -73 132.831 249.717 35.5729 -73 -163 285.805 240.434 253.604 -55 -199 285.805 240.434 253.604 70 -181 123.748 235.561 145.923 69 -91 132.831 249.717 35.5729 16 -108 123.748 235.561 145.923 -19 -90 123.748 235.561 145.923 106 -37 74.0865 237.146 33.6101 16 -147 57.9851 252.654 264.984 -38 -75 206.915 139.42 210.565 -1 -92 74.0865 237.146 33.6101 -20 -257 169.515 333.509 308.664 16 -74 57.9851 252.654 264.984 16 -74 266.865 90.5441 173.354 -38 -92 206.915 139.42 210.565 -75 -75 74.0865 237.146 33.6101 53 -166 329.574 311.398 206.594 -1 -20 206.915 139.42 210.565 16 -56 206.915 139.42 210.565 -56 -148 153.119 138.421 212.877 -112 -75 295.905 120.295 272.914 16 -186 302.438 206.281 33.4234 -38 -75 266.865 90.5441 173.354 -20 -204 329.574 311.398 206.594 -1 -38 57.9851 252.654 264.984 -20 -130 57.9851 252.654 264.984 -113 -94 292.692 122.427 302.87 -150 -150 215.776 49.9244 183.797 -20 -94 57.9851 252.654 264.984 -38 -150 169.515 333.509 308.664 -113 -57 292.692 122.427 302.87 16 -131 169.515 333.509 308.664 -75 -130 285.805 240.434 253.604 -56 -148 285.805 240.434 253.604 35 -168 169.515 333.509 308.664 35 -57 5.41839 328.053 205.042 72 -112 5.41839 328.053 205.042 -76 -76 215.776 49.9244 183.797 -39 -113 169.515 333.509 308.664 35 -188 215.776 49.9244 183.797 35 -76 215.776 49.9244 183.797 -57 -150 266.865 90.5441 173.354 16 -57 5.41839 328.053 205.042 -20 -57 153.119 138.421 212.877 16 -224 302.438 206.281 33.4234 -77 -171 161.326 153.27 137.319 -1 -151 215.776 49.9244 183.797 -58 -170 161.326 153.27 137.319 -20 -206 215.776 49.9244 183.797 -1 -188 215.776 49.9244 183.797 -76 -170 266.865 90.5441 173.354 166 -114 215.776 49.9244 183.797 110 -76 215.776 49.9244 183.797 -57 -113 266.865 90.5441 173.354 -20 -1 9.29339 263.365 220.696 -76 -114 266.865 90.5441 173.354 54 -132 169.515 333.509 308.664 -20 -113 215.776 49.9244 183.797 -76 -95 266.865 90.5441 173.354 -1 -151 302.438 206.281 33.4234 -1 -113 215.776 49.9244 183.797 -39 -206 329.574 311.398 206.594 -58 -76 153.119 138.421 212.877 -57 -150 215.776 49.9244 183.797 -76 -206 215.776 49.9244 183.797 -58 -191 104.684 92.2469 69.6172 -97 -135 292.692 122.427 302.87 -59 -78 53.4756 35.3075 66.9486 -59 -98 53.4756 35.3075 66.9486 -59 -135 104.684 92.2469 69.6172 -59 -135 53.4756 35.3075 66.9486 -1 -78 9.29339 263.365 220.696 17 -172 233.071 233.254 283.864 74 -77 34.1672 96.5526 57.4015 -39 -267 269.173 16.7794 96.58 17 -58 9.29339 263.365 220.696 54 -172 6.36401 4.24355 197.664 55 -212 9.29339 263.365 220.696 -21 -174 219.754 284.257 328.18 -135 -97 302.438 206.281 33.4234 -116 -154 302.438 206.281 33.4234 -98 -59 53.4756 35.3075 66.9486 -115 -134 266.865 90.5441 173.354 -39 -171 104.684 92.2469 69.6172 -77 -39 153.119 138.421 212.877 35 -134 6.36401 4.24355 197.664 17 -134 6.36401 4.24355 197.664 -77 -134 161.326 153.27 137.319 -134 -77 161.326 153.27 137.319 -21 -194 238.624 199.593 27.0926 -21 -215 219.754 284.257 328.18 74 -115 206.915 139.42 210.565 -79 -99 104.684 92.2469 69.6172 -59 -195 238.624 199.593 27.0926 -79 -196 238.624 199.593 27.0926 -118 -79 53.4756 35.3075 66.9486 -1 -194 238.624 199.593 27.0926 -79 -156 104.684 92.2469 69.6172 -117 -156 53.4756 35.3075 66.9486 -1 -175 219.754 284.257 328.18 -117 -21 53.4756 35.3075 66.9486 -60 -178 329.574 311.398 206.594 -98 -195 219.754 284.257 328.18 -1 -253 219.754 284.257 328.18 37 -235 219.754 284.257 328.18 -1 -138 250.674 6.97025 120.65 -99 -216 238.624 199.593 27.0926 -21 -98 329.574 311.398 206.594 114 -98 34.1672 96.5526 57.4015 -40 -234 219.754 284.257 328.18 -1 -234 219.754 284.257 328.18 -100 -139 76.7366 8.99112 344.183 -1 -200 132.831 249.717 35.5729 -80 -179 9.29339 263.365 220.696 97 -141 120.7 82.655 328.717 -1 -219 132.831 249.717 35.5729 -61 -141 9.29339 263.365 220.696 137 -141 34.1672 96.5526 57.4015 -1 -256 250.674 6.97025 120.65 96 -100 34.1672 96.5526 57.4015 -139 -158 76.7366 8.99112 344.183 -118 -156 292.692 122.427 302.87 -157 -196 292.692 122.427 302.87 171 -194 297.676 1.17986 41.8693 -100 -180 76.7366 8.99112 344.183 
67 3 1 2 ornament_3 0.6 1 -60 -21 9.29339 263.365 220.696 
68 3 1 2 ornament_3 0.6 1 -59 -40 329.574 311.398 206.594 
69 3 1 2 ornament_3 0.176471 1 17 -240 132.831 249.717 35.5729 
