10 84 3
0 0 -1 249 2 78 -1 -1 -1 -1 -1 0 -176 
1 1 0 0 0 0 0 0 0 0 0 0 0 
2 1 -1 87 1 64 -1 -1 -1 -1 -1 0 0 
3 2 0 0 0 0 0 0 0 0 0 0 0 
4 2 0 0 0 0 0 0 0 0 0 0 0 
5 2 -1 46 4 25 -1 -1 -1 -1 -1 0 1061 
6 2 -1 86 1 36 -1 -1 -1 -1 -1 0 2 
7 3 0 0 0 0 0 0 0 0 0 0 0 
8 3 0 0 0 0 0 0 0 0 0 0 0 
9 3 0 0 0 0 0 0 0 0 0 0 0 
10 3 0 0 0 0 0 0 0 0 0 0 0 
11 3 -1 320 1 36 -1 -1 -1 -1 -1 0 -14 
12 3 -1 57 2 64 -1 -1 -1 -1 -1 0 -74 
13 3 -1 4 1 77 -1 -1 -1 -1 -1 0 7 
14 3 -1 281 0 78 -1 -1 -1 -1 -1 0 -35 
15 4 0 0 0 0 0 0 0 0 0 0 0 
16 4 0 0 0 0 0 0 0 0 0 0 0 
17 4 0 0 0 0 0 0 0 0 0 0 0 
18 4 0 0 0 0 0 0 0 0 0 0 0 
19 4 0 0 0 0 0 0 0 0 0 0 0 
20 4 0 0 0 0 0 0 0 0 0 0 0 
21 4 0 0 0 0 0 0 0 0 0 0 0 
22 4 0 0 0 0 0 0 0 0 0 0 0 
23 4 -1 22 2 51 -1 -1 -1 -1 -1 0 -30 
24 4 -1 90 3 54 -1 -1 -1 -1 -1 0 -36 
25 4 -1 135 4 48 -1 -1 -1 -1 -1 0 929 
26 4 -1 8 1 31 -1 -1 -1 -1 -1 0 -9 
27 4 69 0 0 0 0 0 0 0 0 0 0 
28 4 -1 107 3 55 -1 -1 -1 -1 -1 0 -2 
29 4 74 0 0 0 0 0 0 0 0 0 0 
30 4 -1 73 3 38 -1 -1 -1 -1 -1 0 2 
31 5 0 0 0 0 0 0 0 0 0 0 0 
32 5 0 0 0 0 0 0 0 0 0 0 0 
33 5 0 0 0 0 0 0 0 0 0 0 0 
34 5 0 0 0 0 0 0 0 0 0 0 0 
35 5 0 0 0 0 0 0 0 0 0 0 0 
36 5 0 0 0 0 0 0 0 0 0 0 0 
37 5 0 0 0 0 0 0 0 0 0 0 0 
38 5 0 0 0 0 0 0 0 0 0 0 0 
39 5 0 0 0 0 0 0 0 0 0 0 0 
40 5 0 0 0 0 0 0 0 0 0 0 0 
41 5 0 0 0 0 0 0 0 0 0 0 0 
42 5 0 0 0 0 0 0 0 0 0 0 0 
43 5 0 0 0 0 0 0 0 0 0 0 0 
44 5 0 0 0 0 0 0 0 0 0 0 0 
45 5 0 0 0 0 0 0 0 0 0 0 0 
46 5 0 0 0 0 0 0 0 0 0 0 0 
47 5 -1 154 4 74 -1 -1 -1 -1 -1 0 575 
48 5 4 0 0 0 0 0 0 0 0 0 0 
49 5 5 0 0 0 0 0 0 0 0 0 0 
50 5 -1 149 2 62 -1 -1 -1 -1 -1 0 -69 
51 5 -1 154 0 29 -1 -1 -1 -1 -1 0 -7 
52 5 -1 2 2 60 -1 -1 -1 -1 -1 0 -75 
53 5 -1 226 4 47 -1 -1 -1 -1 -1 0 1946 
54 5 -1 118 3 74 -1 -1 -1 -1 -1 0 18 
55 5 0 0 0 0 0 0 0 0 0 0 0 
56 5 0 0 0 0 0 0 0 0 0 0 0 
57 5 70 0 0 0 0 0 0 0 0 0 0 
58 5 -1 248 1 76 -1 -1 -1 -1 -1 0 -11 
59 5 0 0 0 0 0 0 0 0 0 0 0 
60 5 0 0 0 0 0 0 0 0 0 0 0 
61 5 -1 89 1 61 -1 -1 -1 -1 -1 0 4 
62 5 83 0 0 0 0 0 0 0 0 0 0 
63 6 0 0 0 0 0 0 0 0 0 0 0 
64 6 0 0 0 0 0 0 0 0 0 0 0 
65 6 0 0 0 0 0 0 0 0 0 0 0 
66 6 0 0 0 0 0 0 0 0 0 0 0 
67 6 0 0 0 0 0 0 0 0 0 0 0 
68 6 0 0 0 0 0 0 0 0 0 0 0 
69 6 0 0 0 0 0 0 0 0 0 0 0 
70 6 0 0 0 0 0 0 0 0 0 0 0 
71 6 0 0 0 0 0 0 0 0 0 0 0 
72 6 0 0 0 0 0 0 0 0 0 0 0 
73 6 0 0 0 0 0 0 0 0 0 0 0 
74 6 0 0 0 0 0 0 0 0 0 0 0 
75 6 0 0 0 0 0 0 0 0 0 0 0 
76 6 0 0 0 0 0 0 0 0 0 0 0 
77 6 0 0 0 0 0 0 0 0 0 0 0 
78 6 0 0 0 0 0 0 0 0 0 0 0 
79 6 0 0 0 0 0 0 0 0 0 0 0 
80 6 0 0 0 0 0 0 0 0 0 0 0 
81 6 0 0 0 0 0 0 0 0 0 0 0 
82 6 0 0 0 0 0 0 0 0 0 0 0 
83 6 0 0 0 0 0 0 0 0 0 0 0 
84 6 0 0 0 0 0 0 0 0 0 0 0 
85 6 0 0 0 0 0 0 0 0 0 0 0 
86 6 0 0 0 0 0 0 0 0 0 0 0 
87 6 0 0 0 0 0 0 0 0 0 0 0 
88 6 0 0 0 0 0 0 0 0 0 0 0 
89 6 0 0 0 0 0 0 0 0 0 0 0 
90 6 0 0 0 0 0 0 0 0 0 0 0 
91 6 0 0 0 0 0 0 0 0 0 0 0 
92 6 0 0 0 0 0 0 0 0 0 0 0 
93 6 0 0 0 0 0 0 0 0 0 0 0 
94 6 0 0 0 0 0 0 0 0 0 0 0 
95 6 -1 166 4 36 -1 -1 -1 -1 -1 0 307 
96 6 3 0 0 0 0 0 0 0 0 0 0 
97 6 0 0 0 0 0 0 0 0 0 0 0 
98 6 0 0 0 0 0 0 0 0 0 0 0 
99 6 0 0 0 0 0 0 0 0 0 0 0 
100 6 0 0 0 0 0 0 0 0 0 0 0 
101 6 -1 47 4 66 -1 -1 -1 -1 -1 0 195 
102 6 -1 353 1 45 -1 -1 -1 -1 -1 0 -4 
103 6 27 0 0 0 0 0 0 0 0 0 0 
104 6 -1 76 4 64 -1 -1 -1 -1 -1 0 868 
105 6 -1 318 3 66 -1 -1 -1 -1 -1 0 -4 
106 6 -1 187 3 44 -1 -1 -1 -1 -1 0 -11 
107 6 -1 296 2 60 -1 -1 -1 -1 -1 0 -53 
108 6 -1 154 2 22 -1 -1 -1 -1 -1 0 72 
109 6 -1 310 2 59 -1 -1 -1 -1 -1 0 -59 
110 6 -1 75 0 72 -1 -1 -1 -1 -1 0 -18 
111 6 0 0 0 0 0 0 0 0 0 0 0 
112 6 0 0 0 0 0 0 0 0 0 0 0 
113 6 0 0 0 0 0 0 0 0 0 0 0 
114 6 0 0 0 0 0 0 0 0 0 0 0 
115 6 0 0 0 0 0 0 0 0 0 0 0 
116 6 0 0 0 0 0 0 0 0 0 0 0 
117 6 71 0 0 0 0 0 0 0 0 0 0 
118 6 -1 175 1 62 -1 -1 -1 -1 -1 0 3 
119 6 0 0 0 0 0 0 0 0 0 0 0 
120 6 0 0 0 0 0 0 0 0 0 0 0 
121 6 0 0 0 0 0 0 0 0 0 0 0 
122 6 0 0 0 0 0 0 0 0 0 0 0 
123 6 -1 149 3 68 -1 -1 -1 -1 -1 0 -10 
124 6 -1 117 1 34 -1 -1 -1 -1 -1 0 18 
125 6 0 0 0 0 0 0 0 0 0 0 0 
126 6 0 0 0 0 0 0 0 0 0 0 0 
127 7 0 0 0 0 0 0 0 0 0 0 0 
128 7 0 0 0 0 0 0 0 0 0 0 0 
129 7 0 0 0 0 0 0 0 0 0 0 0 
130 7 0 0 0 0 0 0 0 0 0 0 0 
131 7 0 0 0 0 0 0 0 0 0 0 0 
132 7 0 0 0 0 0 0 0 0 0 0 0 
133 7 0 0 0 0 0 0 0 0 0 0 0 
134 7 0 0 0 0 0 0 0 0 0 0 0 
135 7 0 0 0 0 0 0 0 0 0 0 0 
136 7 0 0 0 0 0 0 0 0 0 0 0 
137 7 0 0 0 0 0 0 0 0 0 0 0 
138 7 0 0 0 0 0 0 0 0 0 0 0 
139 7 0 0 0 0 0 0 0 0 0 0 0 
140 7 0 0 0 0 0 0 0 0 0 0 0 
141 7 0 0 0 0 0 0 0 0 0 0 0 
142 7 0 0 0 0 0 0 0 0 0 0 0 
143 7 0 0 0 0 0 0 0 0 0 0 0 
144 7 0 0 0 0 0 0 0 0 0 0 0 
145 7 0 0 0 0 0 0 0 0 0 0 0 
146 7 0 0 0 0 0 0 0 0 0 0 0 
147 7 0 0 0 0 0 0 0 0 0 0 0 
148 7 0 0 0 0 0 0 0 0 0 0 0 
149 7 0 0 0 0 0 0 0 0 0 0 0 
150 7 0 0 0 0 0 0 0 0 0 0 0 
151 7 0 0 0 0 0 0 0 0 0 0 0 
152 7 0 0 0 0 0 0 0 0 0 0 0 
153 7 0 0 0 0 0 0 0 0 0 0 0 
154 7 0 0 0 0 0 0 0 0 0 0 0 
155 7 0 0 0 0 0 0 0 0 0 0 0 
156 7 0 0 0 0 0 0 0 0 0 0 0 
157 7 0 0 0 0 0 0 0 0 0 0 0 
158 7 0 0 0 0 0 0 0 0 0 0 0 
159 7 0 0 0 0 0 0 0 0 0 0 0 
160 7 0 0 0 0 0 0 0 0 0 0 0 
161 7 0 0 0 0 0 0 0 0 0 0 0 
162 7 0 0 0 0 0 0 0 0 0 0 0 
163 7 0 0 0 0 0 0 0 0 0 0 0 
164 7 0 0 0 0 0 0 0 0 0 0 0 
165 7 0 0 0 0 0 0 0 0 0 0 0 
166 7 0 0 0 0 0 0 0 0 0 0 0 
167 7 0 0 0 0 0 0 0 0 0 0 0 
168 7 0 0 0 0 0 0 0 0 0 0 0 
169 7 0 0 0 0 0 0 0 0 0 0 0 
170 7 0 0 0 0 0 0 0 0 0 0 0 
171 7 0 0 0 0 0 0 0 0 0 0 0 
172 7 0 0 0 0 0 0 0 0 0 0 0 
173 7 0 0 0 0 0 0 0 0 0 0 0 
174 7 0 0 0 0 0 0 0 0 0 0 0 
175 7 0 0 0 0 0 0 0 0 0 0 0 
176 7 0 0 0 0 0 0 0 0 0 0 0 
177 7 0 0 0 0 0 0 0 0 0 0 0 
178 7 0 0 0 0 0 0 0 0 0 0 0 
179 7 0 0 0 0 0 0 0 0 0 0 0 
180 7 0 0 0 0 0 0 0 0 0 0 0 
181 7 0 0 0 0 0 0 0 0 0 0 0 
182 7 0 0 0 0 0 0 0 0 0 0 0 
183 7 0 0 0 0 0 0 0 0 0 0 0 
184 7 0 0 0 0 0 0 0 0 0 0 0 
185 7 0 0 0 0 0 0 0 0 0 0 0 
186 7 0 0 0 0 0 0 0 0 0 0 0 
187 7 0 0 0 0 0 0 0 0 0 0 0 
188 7 0 0 0 0 0 0 0 0 0 0 0 
189 7 0 0 0 0 0 0 0 0 0 0 0 
190 7 0 0 0 0 0 0 0 0 0 0 0 
191 7 1 0 0 0 0 0 0 0 0 0 0 
192 7 2 0 0 0 0 0 0 0 0 0 0 
193 7 0 0 0 0 0 0 0 0 0 0 0 
194 7 0 0 0 0 0 0 0 0 0 0 0 
195 7 0 0 0 0 0 0 0 0 0 0 0 
196 7 0 0 0 0 0 0 0 0 0 0 0 
197 7 0 0 0 0 0 0 0 0 0 0 0 
198 7 0 0 0 0 0 0 0 0 0 0 0 
199 7 0 0 0 0 0 0 0 0 0 0 0 
200 7 0 0 0 0 0 0 0 0 0 0 0 
201 7 0 0 0 0 0 0 0 0 0 0 0 
202 7 0 0 0 0 0 0 0 0 0 0 0 
203 7 6 0 0 0 0 0 0 0 0 0 0 
204 7 -1 359 0 48 -1 -1 -1 -1 -1 0 -4 
205 7 -1 43 3 40 -1 -1 -1 -1 -1 0 -9 
206 7 -1 76 3 50 -1 -1 -1 -1 -1 0 4 
207 7 0 0 0 0 0 0 0 0 0 0 0 
208 7 0 0 0 0 0 0 0 0 0 0 0 
209 7 -1 136 4 36 -1 -1 -1 -1 -1 0 867 
210 7 -1 130 4 54 -1 -1 -1 -1 -1 0 919 
211 7 35 0 0 0 0 0 0 0 0 0 0 
212 7 -1 329 4 51 -1 -1 -1 -1 -1 0 1405 
213 7 40 0 0 0 0 0 0 0 0 0 0 
214 7 -1 319 1 46 -1 -1 -1 -1 -1 0 -1 
215 7 -1 121 0 69 -1 -1 -1 -1 -1 0 -3 
216 7 -1 124 4 63 -1 -1 -1 -1 -1 0 930 
217 7 -1 284 3 79 -1 -1 -1 -1 -1 0 -8 
218 7 58 0 0 0 0 0 0 0 0 0 0 
219 7 59 0 0 0 0 0 0 0 0 0 0 
220 7 -1 25 2 74 -1 -1 -1 -1 -1 0 -122 
221 7 67 0 0 0 0 0 0 0 0 0 0 
222 7 68 0 0 0 0 0 0 0 0 0 0 
223 7 0 0 0 0 0 0 0 0 0 0 0 
224 7 0 0 0 0 0 0 0 0 0 0 0 
225 7 0 0 0 0 0 0 0 0 0 0 0 
226 7 0 0 0 0 0 0 0 0 0 0 0 
227 7 0 0 0 0 0 0 0 0 0 0 0 
228 7 0 0 0 0 0 0 0 0 0 0 0 
229 7 0 0 0 0 0 0 0 0 0 0 0 
230 7 0 0 0 0 0 0 0 0 0 0 0 
231 7 0 0 0 0 0 0 0 0 0 0 0 
232 7 0 0 0 0 0 0 0 0 0 0 0 
233 7 0 0 0 0 0 0 0 0 0 0 0 
234 7 0 0 0 0 0 0 0 0 0 0 0 
235 7 0 0 0 0 0 0 0 0 0 0 0 
236 7 0 0 0 0 0 0 0 0 0 0 0 
237 7 72 0 0 0 0 0 0 0 0 0 0 
238 7 73 0 0 0 0 0 0 0 0 0 0 
239 7 0 0 0 0 0 0 0 0 0 0 0 
240 7 0 0 0 0 0 0 0 0 0 0 0 
241 7 0 0 0 0 0 0 0 0 0 0 0 
242 7 0 0 0 0 0 0 0 0 0 0 0 
243 7 0 0 0 0 0 0 0 0 0 0 0 
244 7 0 0 0 0 0 0 0 0 0 0 0 
245 7 0 0 0 0 0 0 0 0 0 0 0 
246 7 0 0 0 0 0 0 0 0 0 0 0 
247 7 -1 184 1 74 -1 -1 -1 -1 -1 0 4 
248 7 -1 260 1 40 -1 -1 -1 -1 -1 0 -1 
249 7 -1 2 3 62 -1 -1 -1 -1 -1 0 -9 
250 7 82 0 0 0 0 0 0 0 0 0 0 
251 7 0 0 0 0 0 0 0 0 0 0 0 
252 7 0 0 0 0 0 0 0 0 0 0 0 
253 7 0 0 0 0 0 0 0 0 0 0 0 
254 7 0 0 0 0 0 0 0 0 0 0 0 
255 8 0 0 0 0 0 0 0 0 0 0 0 
256 8 0 0 0 0 0 0 0 0 0 0 0 
257 8 0 0 0 0 0 0 0 0 0 0 0 
258 8 0 0 0 0 0 0 0 0 0 0 0 
259 8 0 0 0 0 0 0 0 0 0 0 0 
260 8 0 0 0 0 0 0 0 0 0 0 0 
261 8 0 0 0 0 0 0 0 0 0 0 0 
262 8 0 0 0 0 0 0 0 0 0 0 0 
263 8 0 0 0 0 0 0 0 0 0 0 0 
264 8 0 0 0 0 0 0 0 0 0 0 0 
265 8 0 0 0 0 0 0 0 0 0 0 0 
266 8 0 0 0 0 0 0 0 0 0 0 0 
267 8 0 0 0 0 0 0 0 0 0 0 0 
268 8 0 0 0 0 0 0 0 0 0 0 0 
269 8 0 0 0 0 0 0 0 0 0 0 0 
270 8 0 0 0 0 0 0 0 0 0 0 0 
271 8 0 0 0 0 0 0 0 0 0 0 0 
272 8 0 0 0 0 0 0 0 0 0 0 0 
273 8 0 0 0 0 0 0 0 0 0 0 0 
274 8 0 0 0 0 0 0 0 0 0 0 0 
275 8 0 0 0 0 0 0 0 0 0 0 0 
276 8 0 0 0 0 0 0 0 0 0 0 0 
277 8 0 0 0 0 0 0 0 0 0 0 0 
278 8 0 0 0 0 0 0 0 0 0 0 0 
279 8 0 0 0 0 0 0 0 0 0 0 0 
280 8 0 0 0 0 0 0 0 0 0 0 0 
281 8 0 0 0 0 0 0 0 0 0 0 0 
282 8 0 0 0 0 0 0 0 0 0 0 0 
283 8 0 0 0 0 0 0 0 0 0 0 0 
284 8 0 0 0 0 0 0 0 0 0 0 0 
285 8 0 0 0 0 0 0 0 0 0 0 0 
286 8 0 0 0 0 0 0 0 0 0 0 0 
287 8 0 0 0 0 0 0 0 0 0 0 0 
288 8 0 0 0 0 0 0 0 0 0 0 0 
289 8 0 0 0 0 0 0 0 0 0 0 0 
290 8 0 0 0 0 0 0 0 0 0 0 0 
291 8 0 0 0 0 0 0 0 0 0 0 0 
292 8 0 0 0 0 0 0 0 0 0 0 0 
293 8 0 0 0 0 0 0 0 0 0 0 0 
294 8 0 0 0 0 0 0 0 0 0 0 0 
295 8 0 0 0 0 0 0 0 0 0 0 0 
296 8 0 0 0 0 0 0 0 0 0 0 0 
297 8 0 0 0 0 0 0 0 0 0 0 0 
298 8 0 0 0 0 0 0 0 0 0 0 0 
299 8 0 0 0 0 0 0 0 0 0 0 0 
300 8 0 0 0 0 0 0 0 0 0 0 0 
301 8 0 0 0 0 0 0 0 0 0 0 0 
302 8 0 0 0 0 0 0 0 0 0 0 0 
303 8 0 0 0 0 0 0 0 0 0 0 0 
304 8 0 0 0 0 0 0 0 0 0 0 0 
305 8 0 0 0 0 0 0 0 0 0 0 0 
306 8 0 0 0 0 0 0 0 0 0 0 0 
307 8 0 0 0 0 0 0 0 0 0 0 0 
308 8 0 0 0 0 0 0 0 0 0 0 0 
309 8 0 0 0 0 0 0 0 0 0 0 0 
310 8 0 0 0 0 0 0 0 0 0 0 0 
311 8 0 0 0 0 0 0 0 0 0 0 0 
312 8 0 0 0 0 0 0 0 0 0 0 0 
313 8 0 0 0 0 0 0 0 0 0 0 0 
314 8 0 0 0 0 0 0 0 0 0 0 0 
315 8 0 0 0 0 0 0 0 0 0 0 0 
316 8 0 0 0 0 0 0 0 0 0 0 0 
317 8 0 0 0 0 0 0 0 0 0 0 0 
318 8 0 0 0 0 0 0 0 0 0 0 0 
319 8 0 0 0 0 0 0 0 0 0 0 0 
320 8 0 0 0 0 0 0 0 0 0 0 0 
321 8 0 0 0 0 0 0 0 0 0 0 0 
322 8 0 0 0 0 0 0 0 0 0 0 0 
323 8 0 0 0 0 0 0 0 0 0 0 0 
324 8 0 0 0 0 0 0 0 0 0 0 0 
325 8 0 0 0 0 0 0 0 0 0 0 0 
326 8 0 0 0 0 0 0 0 0 0 0 0 
327 8 0 0 0 0 0 0 0 0 0 0 0 
328 8 0 0 0 0 0 0 0 0 0 0 0 
329 8 0 0 0 0 0 0 0 0 0 0 0 
330 8 0 0 0 0 0 0 0 0 0 0 0 
331 8 0 0 0 0 0 0 0 0 0 0 0 
332 8 0 0 0 0 0 0 0 0 0 0 0 
333 8 0 0 0 0 0 0 0 0 0 0 0 
334 8 0 0 0 0 0 0 0 0 0 0 0 
335 8 0 0 0 0 0 0 0 0 0 0 0 
336 8 0 0 0 0 0 0 0 0 0 0 0 
337 8 0 0 0 0 0 0 0 0 0 0 0 
338 8 0 0 0 0 0 0 0 0 0 0 0 
339 8 0 0 0 0 0 0 0 0 0 0 0 
340 8 0 0 0 0 0 0 0 0 0 0 0 
341 8 0 0 0 0 0 0 0 0 0 0 0 
342 8 0 0 0 0 0 0 0 0 0 0 0 
343 8 0 0 0 0 0 0 0 0 0 0 0 
344 8 0 0 0 0 0 0 0 0 0 0 0 
345 8 0 0 0 0 0 0 0 0 0 0 0 
346 8 0 0 0 0 0 0 0 0 0 0 0 
347 8 0 0 0 0 0 0 0 0 0 0 0 
348 8 0 0 0 0 0 0 0 0 0 0 0 
349 8 0 0 0 0 0 0 0 0 0 0 0 
350 8 0 0 0 0 0 0 0 0 0 0 0 
351 8 0 0 0 0 0 0 0 0 0 0 0 
352 8 0 0 0 0 0 0 0 0 0 0 0 
353 8 0 0 0 0 0 0 0 0 0 0 0 
354 8 0 0 0 0 0 0 0 0 0 0 0 
355 8 0 0 0 0 0 0 0 0 0 0 0 
356 8 0 0 0 0 0 0 0 0 0 0 0 
357 8 0 0 0 0 0 0 0 0 0 0 0 
358 8 0 0 0 0 0 0 0 0 0 0 0 
359 8 0 0 0 0 0 0 0 0 0 0 0 
360 8 0 0 0 0 0 0 0 0 0 0 0 
361 8 0 0 0 0 0 0 0 0 0 0 0 
362 8 0 0 0 0 0 0 0 0 0 0 0 
363 8 0 0 0 0 0 0 0 0 0 0 0 
364 8 0 0 0 0 0 0 0 0 0 0 0 
365 8 0 0 0 0 0 0 0 0 0 0 0 
366 8 0 0 0 0 0 0 0 0 0 0 0 
367 8 0 0 0 0 0 0 0 0 0 0 0 
368 8 0 0 0 0 0 0 0 0 0 0 0 
369 8 0 0 0 0 0 0 0 0 0 0 0 
370 8 0 0 0 0 0 0 0 0 0 0 0 
371 8 0 0 0 0 0 0 0 0 0 0 0 
372 8 0 0 0 0 0 0 0 0 0 0 0 
373 8 0 0 0 0 0 0 0 0 0 0 0 
374 8 0 0 0 0 0 0 0 0 0 0 0 
375 8 0 0 0 0 0 0 0 0 0 0 0 
376 8 0 0 0 0 0 0 0 0 0 0 0 
377 8 0 0 0 0 0 0 0 0 0 0 0 
378 8 0 0 0 0 0 0 0 0 0 0 0 
379 8 0 0 0 0 0 0 0 0 0 0 0 
380 8 0 0 0 0 0 0 0 0 0 0 0 
381 8 0 0 0 0 0 0 0 0 0 0 0 
382 8 0 0 0 0 0 0 0 0 0 0 0 
383 8 0 0 0 0 0 0 0 0 0 0 0 
384 8 0 0 0 0 0 0 0 0 0 0 0 
385 8 0 0 0 0 0 0 0 0 0 0 0 
386 8 0 0 0 0 0 0 0 0 0 0 0 
387 8 0 0 0 0 0 0 0 0 0 0 0 
388 8 0 0 0 0 0 0 0 0 0 0 0 
389 8 0 0 0 0 0 0 0 0 0 0 0 
390 8 0 0 0 0 0 0 0 0 0 0 0 
391 8 0 0 0 0 0 0 0 0 0 0 0 
392 8 0 0 0 0 0 0 0 0 0 0 0 
393 8 0 0 0 0 0 0 0 0 0 0 0 
394 8 0 0 0 0 0 0 0 0 0 0 0 
395 8 0 0 0 0 0 0 0 0 0 0 0 
396 8 0 0 0 0 0 0 0 0 0 0 0 
397 8 0 0 0 0 0 0 0 0 0 0 0 
398 8 0 0 0 0 0 0 0 0 0 0 0 
399 8 0 0 0 0 0 0 0 0 0 0 0 
400 8 0 0 0 0 0 0 0 0 0 0 0 
401 8 0 0 0 0 0 0 0 0 0 0 0 
402 8 0 0 0 0 0 0 0 0 0 0 0 
403 8 0 0 0 0 0 0 0 0 0 0 0 
404 8 0 0 0 0 0 0 0 0 0 0 0 
405 8 0 0 0 0 0 0 0 0 0 0 0 
406 8 0 0 0 0 0 0 0 0 0 0 0 
407 8 0 0 0 0 0 0 0 0 0 0 0 
408 8 0 0 0 0 0 0 0 0 0 0 0 
409 8 -1 302 3 77 -1 -1 -1 -1 -1 0 -5 
410 8 -1 194 3 53 -1 -1 -1 -1 -1 0 -11 
411 8 -1 283 1 46 -1 -1 -1 -1 -1 0 -10 
412 8 -1 265 1 35 -1 -1 -1 -1 -1 0 3 
413 8 -1 190 3 71 -1 -1 -1 -1 -1 0 -15 
414 8 -1 63 4 69 -1 -1 -1 -1 -1 0 391 
415 8 0 0 0 0 0 0 0 0 0 0 0 
416 8 0 0 0 0 0 0 0 0 0 0 0 
417 8 0 0 0 0 0 0 0 0 0 0 0 
418 8 0 0 0 0 0 0 0 0 0 0 0 
419 8 28 0 0 0 0 0 0 0 0 0 0 
420 8 29 0 0 0 0 0 0 0 0 0 0 
421 8 -1 80 3 72 -1 -1 -1 -1 -1 0 -9 
422 8 34 0 0 0 0 0 0 0 0 0 0 
423 8 0 0 0 0 0 0 0 0 0 0 0 
424 8 0 0 0 0 0 0 0 0 0 0 0 
425 8 -1 224 0 59 -1 -1 -1 -1 -1 0 -6 
426 8 39 0 0 0 0 0 0 0 0 0 0 
427 8 0 0 0 0 0 0 0 0 0 0 0 
428 8 0 0 0 0 0 0 0 0 0 0 0 
429 8 -1 125 2 62 -1 -1 -1 -1 -1 0 -71 
430 8 44 0 0 0 0 0 0 0 0 0 0 
431 8 -1 114 1 38 -1 -1 -1 -1 -1 0 4 
432 8 -1 331 2 69 -1 -1 -1 -1 -1 0 -103 
433 8 53 0 0 0 0 0 0 0 0 0 0 
434 8 54 0 0 0 0 0 0 0 0 0 0 
435 8 -1 271 2 35 -1 -1 -1 -1 -1 0 4 
436 8 57 0 0 0 0 0 0 0 0 0 0 
437 8 0 0 0 0 0 0 0 0 0 0 0 
438 8 0 0 0 0 0 0 0 0 0 0 0 
439 8 0 0 0 0 0 0 0 0 0 0 0 
440 8 0 0 0 0 0 0 0 0 0 0 0 
441 8 -1 348 4 56 -1 -1 -1 -1 -1 0 1204 
442 8 -1 314 0 21 -1 -1 -1 -1 -1 0 -25 
443 8 0 0 0 0 0 0 0 0 0 0 0 
444 8 0 0 0 0 0 0 0 0 0 0 0 
445 8 0 0 0 0 0 0 0 0 0 0 0 
446 8 0 0 0 0 0 0 0 0 0 0 0 
447 8 0 0 0 0 0 0 0 0 0 0 0 
448 8 0 0 0 0 0 0 0 0 0 0 0 
449 8 0 0 0 0 0 0 0 0 0 0 0 
450 8 0 0 0 0 0 0 0 0 0 0 0 
451 8 0 0 0 0 0 0 0 0 0 0 0 
452 8 0 0 0 0 0 0 0 0 0 0 0 
453 8 0 0 0 0 0 0 0 0 0 0 0 
454 8 0 0 0 0 0 0 0 0 0 0 0 
455 8 0 0 0 0 0 0 0 0 0 0 0 
456 8 0 0 0 0 0 0 0 0 0 0 0 
457 8 0 0 0 0 0 0 0 0 0 0 0 
458 8 0 0 0 0 0 0 0 0 0 0 0 
459 8 0 0 0 0 0 0 0 0 0 0 0 
460 8 0 0 0 0 0 0 0 0 0 0 0 
461 8 0 0 0 0 0 0 0 0 0 0 0 
462 8 0 0 0 0 0 0 0 0 0 0 0 
463 8 0 0 0 0 0 0 0 0 0 0 0 
464 8 0 0 0 0 0 0 0 0 0 0 0 
465 8 0 0 0 0 0 0 0 0 0 0 0 
466 8 0 0 0 0 0 0 0 0 0 0 0 
467 8 0 0 0 0 0 0 0 0 0 0 0 
468 8 0 0 0 0 0 0 0 0 0 0 0 
469 8 0 0 0 0 0 0 0 0 0 0 0 
470 8 0 0 0 0 0 0 0 0 0 0 0 
471 8 0 0 0 0 0 0 0 0 0 0 0 
472 8 0 0 0 0 0 0 0 0 0 0 0 
473 8 0 0 0 0 0 0 0 0 0 0 0 
474 8 0 0 0 0 0 0 0 0 0 0 0 
475 8 0 0 0 0 0 0 0 0 0 0 0 
476 8 0 0 0 0 0 0 0 0 0 0 0 
477 8 0 0 0 0 0 0 0 0 0 0 0 
478 8 0 0 0 0 0 0 0 0 0 0 0 
479 8 0 0 0 0 0 0 0 0 0 0 0 
480 8 0 0 0 0 0 0 0 0 0 0 0 
481 8 0 0 0 0 0 0 0 0 0 0 0 
482 8 0 0 0 0 0 0 0 0 0 0 0 
483 8 0 0 0 0 0 0 0 0 0 0 0 
484 8 0 0 0 0 0 0 0 0 0 0 0 
485 8 0 0 0 0 0 0 0 0 0 0 0 
486 8 0 0 0 0 0 0 0 0 0 0 0 
487 8 0 0 0 0 0 0 0 0 0 0 0 
488 8 0 0 0 0 0 0 0 0 0 0 0 
489 8 0 0 0 0 0 0 0 0 0 0 0 
490 8 0 0 0 0 0 0 0 0 0 0 0 
491 8 0 0 0 0 0 0 0 0 0 0 0 
492 8 0 0 0 0 0 0 0 0 0 0 0 
493 8 0 0 0 0 0 0 0 0 0 0 0 
494 8 0 0 0 0 0 0 0 0 0 0 0 
495 8 -1 30 0 28 -1 -1 -1 -1 -1 0 -6 
496 8 77 0 0 0 0 0 0 0 0 0 0 
497 8 78 0 0 0 0 0 0 0 0 0 0 
498 8 79 0 0 0 0 0 0 0 0 0 0 
499 8 80 0 0 0 0 0 0 0 0 0 0 
500 8 81 0 0 0 0 0 0 0 0 0 0 
501 8 0 0 0 0 0 0 0 0 0 0 0 
502 8 0 0 0 0 0 0 0 0 0 0 0 
503 8 0 0 0 0 0 0 0 0 0 0 0 
504 8 0 0 0 0 0 0 0 0 0 0 0 
505 8 0 0 0 0 0 0 0 0 0 0 0 
506 8 0 0 0 0 0 0 0 0 0 0 0 
507 8 0 0 0 0 0 0 0 0 0 0 0 
508 8 0 0 0 0 0 0 0 0 0 0 0 
509 8 0 0 0 0 0 0 0 0 0 0 0 
510 8 0 0 0 0 0 0 0 0 0 0 0 
511 9 0 0 0 0 0 0 0 0 0 0 0 
512 9 0 0 0 0 0 0 0 0 0 0 0 
513 9 0 0 0 0 0 0 0 0 0 0 0 
514 9 0 0 0 0 0 0 0 0 0 0 0 
515 9 0 0 0 0 0 0 0 0 0 0 0 
516 9 0 0 0 0 0 0 0 0 0 0 0 
517 9 0 0 0 0 0 0 0 0 0 0 0 
518 9 0 0 0 0 0 0 0 0 0 0 0 
519 9 0 0 0 0 0 0 0 0 0 0 0 
520 9 0 0 0 0 0 0 0 0 0 0 0 
521 9 0 0 0 0 0 0 0 0 0 0 0 
522 9 0 0 0 0 0 0 0 0 0 0 0 
523 9 0 0 0 0 0 0 0 0 0 0 0 
524 9 0 0 0 0 0 0 0 0 0 0 0 
525 9 0 0 0 0 0 0 0 0 0 0 0 
526 9 0 0 0 0 0 0 0 0 0 0 0 
527 9 0 0 0 0 0 0 0 0 0 0 0 
528 9 0 0 0 0 0 0 0 0 0 0 0 
529 9 0 0 0 0 0 0 0 0 0 0 0 
530 9 0 0 0 0 0 0 0 0 0 0 0 
531 9 0 0 0 0 0 0 0 0 0 0 0 
532 9 0 0 0 0 0 0 0 0 0 0 0 
533 9 0 0 0 0 0 0 0 0 0 0 0 
534 9 0 0 0 0 0 0 0 0 0 0 0 
535 9 0 0 0 0 0 0 0 0 0 0 0 
536 9 0 0 0 0 0 0 0 0 0 0 0 
537 9 0 0 0 0 0 0 0 0 0 0 0 
538 9 0 0 0 0 0 0 0 0 0 0 0 
539 9 0 0 0 0 0 0 0 0 0 0 0 
540 9 0 0 0 0 0 0 0 0 0 0 0 
541 9 0 0 0 0 0 0 0 0 0 0 0 
542 9 0 0 0 0 0 0 0 0 0 0 0 
543 9 0 0 0 0 0 0 0 0 0 0 0 
544 9 0 0 0 0 0 0 0 0 0 0 0 
545 9 0 0 0 0 0 0 0 0 0 0 0 
546 9 0 0 0 0 0 0 0 0 0 0 0 
547 9 0 0 0 0 0 0 0 0 0 0 0 
548 9 0 0 0 0 0 0 0 0 0 0 0 
549 9 0 0 0 0 0 0 0 0 0 0 0 
550 9 0 0 0 0 0 0 0 0 0 0 0 
551 9 0 0 0 0 0 0 0 0 0 0 0 
552 9 0 0 0 0 0 0 0 0 0 0 0 
553 9 0 0 0 0 0 0 0 0 0 0 0 
554 9 0 0 0 0 0 0 0 0 0 0 0 
555 9 0 0 0 0 0 0 0 0 0 0 0 
556 9 0 0 0 0 0 0 0 0 0 0 0 
557 9 0 0 0 0 0 0 0 0 0 0 0 
558 9 0 0 0 0 0 0 0 0 0 0 0 
559 9 0 0 0 0 0 0 0 0 0 0 0 
560 9 0 0 0 0 0 0 0 0 0 0 0 
561 9 0 0 0 0 0 0 0 0 0 0 0 
562 9 0 0 0 0 0 0 0 0 0 0 0 
563 9 0 0 0 0 0 0 0 0 0 0 0 
564 9 0 0 0 0 0 0 0 0 0 0 0 
565 9 0 0 0 0 0 0 0 0 0 0 0 
566 9 0 0 0 0 0 0 0 0 0 0 0 
567 9 0 0 0 0 0 0 0 0 0 0 0 
568 9 0 0 0 0 0 0 0 0 0 0 0 
569 9 0 0 0 0 0 0 0 0 0 0 0 
570 9 0 0 0 0 0 0 0 0 0 0 0 
571 9 0 0 0 0 0 0 0 0 0 0 0 
572 9 0 0 0 0 0 0 0 0 0 0 0 
573 9 0 0 0 0 0 0 0 0 0 0 0 
574 9 0 0 0 0 0 0 0 0 0 0 0 
575 9 0 0 0 0 0 0 0 0 0 0 0 
576 9 0 0 0 0 0 0 0 0 0 0 0 
577 9 0 0 0 0 0 0 0 0 0 0 0 
578 9 0 0 0 0 0 0 0 0 0 0 0 
579 9 0 0 0 0 0 0 0 0 0 0 0 
580 9 0 0 0 0 0 0 0 0 0 0 0 
581 9 0 0 0 0 0 0 0 0 0 0 0 
582 9 0 0 0 0 0 0 0 0 0 0 0 
583 9 0 0 0 0 0 0 0 0 0 0 0 
584 9 0 0 0 0 0 0 0 0 0 0 0 
585 9 0 0 0 0 0 0 0 0 0 0 0 
586 9 0 0 0 0 0 0 0 0 0 0 0 
587 9 0 0 0 0 0 0 0 0 0 0 0 
588 9 0 0 0 0 0 0 0 0 0 0 0 
589 9 0 0 0 0 0 0 0 0 0 0 0 
590 9 0 0 0 0 0 0 0 0 0 0 0 
591 9 0 0 0 0 0 0 0 0 0 0 0 
592 9 0 0 0 0 0 0 0 0 0 0 0 
593 9 0 0 0 0 0 0 0 0 0 0 0 
594 9 0 0 0 0 0 0 0 0 0 0 0 
595 9 0 0 0 0 0 0 0 0 0 0 0 
596 9 0 0 0 0 0 0 0 0 0 0 0 
597 9 0 0 0 0 0 0 0 0 0 0 0 
598 9 0 0 0 0 0 0 0 0 0 0 0 
599 9 0 0 0 0 0 0 0 0 0 0 0 
600 9 0 0 0 0 0 0 0 0 0 0 0 
601 9 0 0 0 0 0 0 0 0 0 0 0 
602 9 0 0 0 0 0 0 0 0 0 0 0 
603 9 0 0 0 0 0 0 0 0 0 0 0 
604 9 0 0 0 0 0 0 0 0 0 0 0 
605 9 0 0 0 0 0 0 0 0 0 0 0 
606 9 0 0 0 0 0 0 0 0 0 0 0 
607 9 0 0 0 0 0 0 0 0 0 0 0 
608 9 0 0 0 0 0 0 0 0 0 0 0 
609 9 0 0 0 0 0 0 0 0 0 0 0 
610 9 0 0 0 0 0 0 0 0 0 0 0 
611 9 0 0 0 0 0 0 0 0 0 0 0 
612 9 0 0 0 0 0 0 0 0 0 0 0 
613 9 0 0 0 0 0 0 0 0 0 0 0 
614 9 0 0 0 0 0 0 0 0 0 0 0 
615 9 0 0 0 0 0 0 0 0 0 0 0 
616 9 0 0 0 0 0 0 0 0 0 0 0 
617 9 0 0 0 0 0 0 0 0 0 0 0 
618 9 0 0 0 0 0 0 0 0 0 0 0 
619 9 0 0 0 0 0 0 0 0 0 0 0 
620 9 0 0 0 0 0 0 0 0 0 0 0 
621 9 0 0 0 0 0 0 0 0 0 0 0 
622 9 0 0 0 0 0 0 0 0 0 0 0 
623 9 0 0 0 0 0 0 0 0 0 0 0 
624 9 0 0 0 0 0 0 0 0 0 0 0 
625 9 0 0 0 0 0 0 0 0 0 0 0 
626 9 0 0 0 0 0 0 0 0 0 0 0 
627 9 0 0 0 0 0 0 0 0 0 0 0 
628 9 0 0 0 0 0 0 0 0 0 0 0 
629 9 0 0 0 0 0 0 0 0 0 0 0 
630 9 0 0 0 0 0 0 0 0 0 0 0 
631 9 0 0 0 0 0 0 0 0 0 0 0 
632 9 0 0 0 0 0 0 0 0 0 0 0 
633 9 0 0 0 0 0 0 0 0 0 0 0 
634 9 0 0 0 0 0 0 0 0 0 0 0 
635 9 0 0 0 0 0 0 0 0 0 0 0 
636 9 0 0 0 0 0 0 0 0 0 0 0 
637 9 0 0 0 0 0 0 0 0 0 0 0 
638 9 0 0 0 0 0 0 0 0 0 0 0 
639 9 0 0 0 0 0 0 0 0 0 0 0 
640 9 0 0 0 0 0 0 0 0 0 0 0 
641 9 0 0 0 0 0 0 0 0 0 0 0 
642 9 0 0 0 0 0 0 0 0 0 0 0 
643 9 0 0 0 0 0 0 0 0 0 0 0 
644 9 0 0 0 0 0 0 0 0 0 0 0 
645 9 0 0 0 0 0 0 0 0 0 0 0 
646 9 0 0 0 0 0 0 0 0 0 0 0 
647 9 0 0 0 0 0 0 0 0 0 0 0 
648 9 0 0 0 0 0 0 0 0 0 0 0 
649 9 0 0 0 0 0 0 0 0 0 0 0 
650 9 0 0 0 0 0 0 0 0 0 0 0 
651 9 0 0 0 0 0 0 0 0 0 0 0 
652 9 0 0 0 0 0 0 0 0 0 0 0 
653 9 0 0 0 0 0 0 0 0 0 0 0 
654 9 0 0 0 0 0 0 0 0 0 0 0 
655 9 0 0 0 0 0 0 0 0 0 0 0 
656 9 0 0 0 0 0 0 0 0 0 0 0 
657 9 0 0 0 0 0 0 0 0 0 0 0 
658 9 0 0 0 0 0 0 0 0 0 0 0 
659 9 0 0 0 0 0 0 0 0 0 0 0 
660 9 0 0 0 0 0 0 0 0 0 0 0 
661 9 0 0 0 0 0 0 0 0 0 0 0 
662 9 0 0 0 0 0 0 0 0 0 0 0 
663 9 0 0 0 0 0 0 0 0 0 0 0 
664 9 0 0 0 0 0 0 0 0 0 0 0 
665 9 0 0 0 0 0 0 0 0 0 0 0 
666 9 0 0 0 0 0 0 0 0 0 0 0 
667 9 0 0 0 0 0 0 0 0 0 0 0 
668 9 0 0 0 0 0 0 0 0 0 0 0 
669 9 0 0 0 0 0 0 0 0 0 0 0 
670 9 0 0 0 0 0 0 0 0 0 0 0 
671 9 0 0 0 0 0 0 0 0 0 0 0 
672 9 0 0 0 0 0 0 0 0 0 0 0 
673 9 0 0 0 0 0 0 0 0 0 0 0 
674 9 0 0 0 0 0 0 0 0 0 0 0 
675 9 0 0 0 0 0 0 0 0 0 0 0 
676 9 0 0 0 0 0 0 0 0 0 0 0 
677 9 0 0 0 0 0 0 0 0 0 0 0 
678 9 0 0 0 0 0 0 0 0 0 0 0 
679 9 0 0 0 0 0 0 0 0 0 0 0 
680 9 0 0 0 0 0 0 0 0 0 0 0 
681 9 0 0 0 0 0 0 0 0 0 0 0 
682 9 0 0 0 0 0 0 0 0 0 0 0 
683 9 0 0 0 0 0 0 0 0 0 0 0 
684 9 0 0 0 0 0 0 0 0 0 0 0 
685 9 0 0 0 0 0 0 0 0 0 0 0 
686 9 0 0 0 0 0 0 0 0 0 0 0 
687 9 0 0 0 0 0 0 0 0 0 0 0 
688 9 0 0 0 0 0 0 0 0 0 0 0 
689 9 0 0 0 0 0 0 0 0 0 0 0 
690 9 0 0 0 0 0 0 0 0 0 0 0 
691 9 0 0 0 0 0 0 0 0 0 0 0 
692 9 0 0 0 0 0 0 0 0 0 0 0 
693 9 0 0 0 0 0 0 0 0 0 0 0 
694 9 0 0 0 0 0 0 0 0 0 0 0 
695 9 0 0 0 0 0 0 0 0 0 0 0 
696 9 0 0 0 0 0 0 0 0 0 0 0 
697 9 0 0 0 0 0 0 0 0 0 0 0 
698 9 0 0 0 0 0 0 0 0 0 0 0 
699 9 0 0 0 0 0 0 0 0 0 0 0 
700 9 0 0 0 0 0 0 0 0 0 0 0 
701 9 0 0 0 0 0 0 0 0 0 0 0 
702 9 0 0 0 0 0 0 0 0 0 0 0 
703 9 0 0 0 0 0 0 0 0 0 0 0 
704 9 0 0 0 0 0 0 0 0 0 0 0 
705 9 0 0 0 0 0 0 0 0 0 0 0 
706 9 0 0 0 0 0 0 0 0 0 0 0 
707 9 0 0 0 0 0 0 0 0 0 0 0 
708 9 0 0 0 0 0 0 0 0 0 0 0 
709 9 0 0 0 0 0 0 0 0 0 0 0 
710 9 0 0 0 0 0 0 0 0 0 0 0 
711 9 0 0 0 0 0 0 0 0 0 0 0 
712 9 0 0 0 0 0 0 0 0 0 0 0 
713 9 0 0 0 0 0 0 0 0 0 0 0 
714 9 0 0 0 0 0 0 0 0 0 0 0 
715 9 0 0 0 0 0 0 0 0 0 0 0 
716 9 0 0 0 0 0 0 0 0 0 0 0 
717 9 0 0 0 0 0 0 0 0 0 0 0 
718 9 0 0 0 0 0 0 0 0 0 0 0 
719 9 0 0 0 0 0 0 0 0 0 0 0 
720 9 0 0 0 0 0 0 0 0 0 0 0 
721 9 0 0 0 0 0 0 0 0 0 0 0 
722 9 0 0 0 0 0 0 0 0 0 0 0 
723 9 0 0 0 0 0 0 0 0 0 0 0 
724 9 0 0 0 0 0 0 0 0 0 0 0 
725 9 0 0 0 0 0 0 0 0 0 0 0 
726 9 0 0 0 0 0 0 0 0 0 0 0 
727 9 0 0 0 0 0 0 0 0 0 0 0 
728 9 0 0 0 0 0 0 0 0 0 0 0 
729 9 0 0 0 0 0 0 0 0 0 0 0 
730 9 0 0 0 0 0 0 0 0 0 0 0 
731 9 0 0 0 0 0 0 0 0 0 0 0 
732 9 0 0 0 0 0 0 0 0 0 0 0 
733 9 0 0 0 0 0 0 0 0 0 0 0 
734 9 0 0 0 0 0 0 0 0 0 0 0 
735 9 0 0 0 0 0 0 0 0 0 0 0 
736 9 0 0 0 0 0 0 0 0 0 0 0 
737 9 0 0 0 0 0 0 0 0 0 0 0 
738 9 0 0 0 0 0 0 0 0 0 0 0 
739 9 0 0 0 0 0 0 0 0 0 0 0 
740 9 0 0 0 0 0 0 0 0 0 0 0 
741 9 0 0 0 0 0 0 0 0 0 0 0 
742 9 0 0 0 0 0 0 0 0 0 0 0 
743 9 0 0 0 0 0 0 0 0 0 0 0 
744 9 0 0 0 0 0 0 0 0 0 0 0 
745 9 0 0 0 0 0 0 0 0 0 0 0 
746 9 0 0 0 0 0 0 0 0 0 0 0 
747 9 0 0 0 0 0 0 0 0 0 0 0 
748 9 0 0 0 0 0 0 0 0 0 0 0 
749 9 0 0 0 0 0 0 0 0 0 0 0 
750 9 0 0 0 0 0 0 0 0 0 0 0 
751 9 0 0 0 0 0 0 0 0 0 0 0 
752 9 0 0 0 0 0 0 0 0 0 0 0 
753 9 0 0 0 0 0 0 0 0 0 0 0 
754 9 0 0 0 0 0 0 0 0 0 0 0 
755 9 0 0 0 0 0 0 0 0 0 0 0 
756 9 0 0 0 0 0 0 0 0 0 0 0 
757 9 0 0 0 0 0 0 0 0 0 0 0 
758 9 0 0 0 0 0 0 0 0 0 0 0 
759 9 0 0 0 0 0 0 0 0 0 0 0 
760 9 0 0 0 0 0 0 0 0 0 0 0 
761 9 0 0 0 0 0 0 0 0 0 0 0 
762 9 0 0 0 0 0 0 0 0 0 0 0 
763 9 0 0 0 0 0 0 0 0 0 0 0 
764 9 0 0 0 0 0 0 0 0 0 0 0 
765 9 0 0 0 0 0 0 0 0 0 0 0 
766 9 0 0 0 0 0 0 0 0 0 0 0 
767 9 0 0 0 0 0 0 0 0 0 0 0 
768 9 0 0 0 0 0 0 0 0 0 0 0 
769 9 0 0 0 0 0 0 0 0 0 0 0 
770 9 0 0 0 0 0 0 0 0 0 0 0 
771 9 0 0 0 0 0 0 0 0 0 0 0 
772 9 0 0 0 0 0 0 0 0 0 0 0 
773 9 0 0 0 0 0 0 0 0 0 0 0 
774 9 0 0 0 0 0 0 0 0 0 0 0 
775 9 0 0 0 0 0 0 0 0 0 0 0 
776 9 0 0 0 0 0 0 0 0 0 0 0 
777 9 0 0 0 0 0 0 0 0 0 0 0 
778 9 0 0 0 0 0 0 0 0 0 0 0 
779 9 0 0 0 0 0 0 0 0 0 0 0 
780 9 0 0 0 0 0 0 0 0 0 0 0 
781 9 0 0 0 0 0 0 0 0 0 0 0 
782 9 0 0 0 0 0 0 0 0 0 0 0 
783 9 0 0 0 0 0 0 0 0 0 0 0 
784 9 0 0 0 0 0 0 0 0 0 0 0 
785 9 0 0 0 0 0 0 0 0 0 0 0 
786 9 0 0 0 0 0 0 0 0 0 0 0 
787 9 0 0 0 0 0 0 0 0 0 0 0 
788 9 0 0 0 0 0 0 0 0 0 0 0 
789 9 0 0 0 0 0 0 0 0 0 0 0 
790 9 0 0 0 0 0 0 0 0 0 0 0 
791 9 0 0 0 0 0 0 0 0 0 0 0 
792 9 0 0 0 0 0 0 0 0 0 0 0 
793 9 0 0 0 0 0 0 0 0 0 0 0 
794 9 0 0 0 0 0 0 0 0 0 0 0 
795 9 0 0 0 0 0 0 0 0 0 0 0 
796 9 0 0 0 0 0 0 0 0 0 0 0 
797 9 0 0 0 0 0 0 0 0 0 0 0 
798 9 0 0 0 0 0 0 0 0 0 0 0 
799 9 0 0 0 0 0 0 0 0 0 0 0 
800 9 0 0 0 0 0 0 0 0 0 0 0 
801 9 0 0 0 0 0 0 0 0 0 0 0 
802 9 0 0 0 0 0 0 0 0 0 0 0 
803 9 0 0 0 0 0 0 0 0 0 0 0 
804 9 0 0 0 0 0 0 0 0 0 0 0 
805 9 0 0 0 0 0 0 0 0 0 0 0 
806 9 0 0 0 0 0 0 0 0 0 0 0 
807 9 0 0 0 0 0 0 0 0 0 0 0 
808 9 0 0 0 0 0 0 0 0 0 0 0 
809 9 0 0 0 0 0 0 0 0 0 0 0 
810 9 0 0 0 0 0 0 0 0 0 0 0 
811 9 0 0 0 0 0 0 0 0 0 0 0 
812 9 0 0 0 0 0 0 0 0 0 0 0 
813 9 0 0 0 0 0 0 0 0 0 0 0 
814 9 0 0 0 0 0 0 0 0 0 0 0 
815 9 0 0 0 0 0 0 0 0 0 0 0 
816 9 0 0 0 0 0 0 0 0 0 0 0 
817 9 0 0 0 0 0 0 0 0 0 0 0 
818 9 0 0 0 0 0 0 0 0 0 0 0 
819 9 7 0 0 0 0 0 0 0 0 0 0 
820 9 -1 161 4 65 -1 -1 -1 -1 -1 0 808 
821 9 -1 117 2 60 -1 -1 -1 -1 -1 0 -75 
822 9 12 0 0 0 0 0 0 0 0 0 0 
823 9 -1 235 3 24 -1 -1 -1 -1 -1 0 -19 
824 9 -1 252 4 36 -1 -1 -1 -1 -1 0 417 
825 9 -1 144 2 32 -1 -1 -1 -1 -1 0 44 
826 9 -1 68 0 72 -1 -1 -1 -1 -1 0 -9 
827 9 -1 227 2 47 -1 -1 -1 -1 -1 0 -8 
828 9 -1 310 1 61 -1 -1 -1 -1 -1 0 -3 
829 9 25 0 0 0 0 0 0 0 0 0 0 
830 9 26 0 0 0 0 0 0 0 0 0 0 
831 9 0 0 0 0 0 0 0 0 0 0 0 
832 9 0 0 0 0 0 0 0 0 0 0 0 
833 9 0 0 0 0 0 0 0 0 0 0 0 
834 9 0 0 0 0 0 0 0 0 0 0 0 
835 9 0 0 0 0 0 0 0 0 0 0 0 
836 9 0 0 0 0 0 0 0 0 0 0 0 
837 9 0 0 0 0 0 0 0 0 0 0 0 
838 9 0 0 0 0 0 0 0 0 0 0 0 
839 9 0 0 0 0 0 0 0 0 0 0 0 
840 9 0 0 0 0 0 0 0 0 0 0 0 
841 9 0 0 0 0 0 0 0 0 0 0 0 
842 9 0 0 0 0 0 0 0 0 0 0 0 
843 9 -1 233 2 61 -1 -1 -1 -1 -1 0 -77 
844 9 -1 16 0 55 -1 -1 -1 -1 -1 0 -6 
845 9 0 0 0 0 0 0 0 0 0 0 0 
846 9 0 0 0 0 0 0 0 0 0 0 0 
847 9 0 0 0 0 0 0 0 0 0 0 0 
848 9 0 0 0 0 0 0 0 0 0 0 0 
849 9 0 0 0 0 0 0 0 0 0 0 0 
850 9 0 0 0 0 0 0 0 0 0 0 0 
851 9 36 0 0 0 0 0 0 0 0 0 0 
852 9 -1 64 2 21 -1 -1 -1 -1 -1 0 77 
853 9 0 0 0 0 0 0 0 0 0 0 0 
854 9 0 0 0 0 0 0 0 0 0 0 0 
855 9 0 0 0 0 0 0 0 0 0 0 0 
856 9 0 0 0 0 0 0 0 0 0 0 0 
857 9 0 0 0 0 0 0 0 0 0 0 0 
858 9 0 0 0 0 0 0 0 0 0 0 0 
859 9 41 0 0 0 0 0 0 0 0 0 0 
860 9 -1 197 4 48 -1 -1 -1 -1 -1 0 2227 
861 9 0 0 0 0 0 0 0 0 0 0 0 
862 9 0 0 0 0 0 0 0 0 0 0 0 
863 9 -1 160 0 75 -1 -1 -1 -1 -1 0 -3 
864 9 -1 116 4 26 -1 -1 -1 -1 -1 0 1110 
865 9 -1 170 2 46 -1 -1 -1 -1 -1 0 -16 
866 9 -1 210 1 22 -1 -1 -1 -1 -1 0 2 
867 9 0 0 0 0 0 0 0 0 0 0 0 
868 9 0 0 0 0 0 0 0 0 0 0 0 
869 9 0 0 0 0 0 0 0 0 0 0 0 
870 9 0 0 0 0 0 0 0 0 0 0 0 
871 9 55 0 0 0 0 0 0 0 0 0 0 
872 9 56 0 0 0 0 0 0 0 0 0 0 
873 9 0 0 0 0 0 0 0 0 0 0 0 
874 9 0 0 0 0 0 0 0 0 0 0 0 
875 9 0 0 0 0 0 0 0 0 0 0 0 
876 9 0 0 0 0 0 0 0 0 0 0 0 
877 9 0 0 0 0 0 0 0 0 0 0 0 
878 9 0 0 0 0 0 0 0 0 0 0 0 
879 9 0 0 0 0 0 0 0 0 0 0 0 
880 9 0 0 0 0 0 0 0 0 0 0 0 
881 9 0 0 0 0 0 0 0 0 0 0 0 
882 9 0 0 0 0 0 0 0 0 0 0 0 
883 9 -1 295 3 32 -1 -1 -1 -1 -1 0 -11 
884 9 62 0 0 0 0 0 0 0 0 0 0 
885 9 -1 21 2 47 -1 -1 -1 -1 -1 0 -12 
886 9 -1 145 4 66 -1 -1 -1 -1 -1 0 1248 
887 9 0 0 0 0 0 0 0 0 0 0 0 
888 9 0 0 0 0 0 0 0 0 0 0 0 
889 9 0 0 0 0 0 0 0 0 0 0 0 
890 9 0 0 0 0 0 0 0 0 0 0 0 
891 9 0 0 0 0 0 0 0 0 0 0 0 
892 9 0 0 0 0 0 0 0 0 0 0 0 
893 9 0 0 0 0 0 0 0 0 0 0 0 
894 9 0 0 0 0 0 0 0 0 0 0 0 
895 9 0 0 0 0 0 0 0 0 0 0 0 
896 9 0 0 0 0 0 0 0 0 0 0 0 
897 9 0 0 0 0 0 0 0 0 0 0 0 
898 9 0 0 0 0 0 0 0 0 0 0 0 
899 9 0 0 0 0 0 0 0 0 0 0 0 
900 9 0 0 0 0 0 0 0 0 0 0 0 
901 9 0 0 0 0 0 0 0 0 0 0 0 
902 9 0 0 0 0 0 0 0 0 0 0 0 
903 9 0 0 0 0 0 0 0 0 0 0 0 
904 9 0 0 0 0 0 0 0 0 0 0 0 
905 9 0 0 0 0 0 0 0 0 0 0 0 
906 9 0 0 0 0 0 0 0 0 0 0 0 
907 9 0 0 0 0 0 0 0 0 0 0 0 
908 9 0 0 0 0 0 0 0 0 0 0 0 
909 9 0 0 0 0 0 0 0 0 0 0 0 
910 9 0 0 0 0 0 0 0 0 0 0 0 
911 9 0 0 0 0 0 0 0 0 0 0 0 
912 9 0 0 0 0 0 0 0 0 0 0 0 
913 9 0 0 0 0 0 0 0 0 0 0 0 
914 9 0 0 0 0 0 0 0 0 0 0 0 
915 9 0 0 0 0 0 0 0 0 0 0 0 
916 9 0 0 0 0 0 0 0 0 0 0 0 
917 9 0 0 0 0 0 0 0 0 0 0 0 
918 9 0 0 0 0 0 0 0 0 0 0 0 
919 9 0 0 0 0 0 0 0 0 0 0 0 
920 9 0 0 0 0 0 0 0 0 0 0 0 
921 9 0 0 0 0 0 0 0 0 0 0 0 
922 9 0 0 0 0 0 0 0 0 0 0 0 
923 9 0 0 0 0 0 0 0 0 0 0 0 
924 9 0 0 0 0 0 0 0 0 0 0 0 
925 9 0 0 0 0 0 0 0 0 0 0 0 
926 9 0 0 0 0 0 0 0 0 0 0 0 
927 9 0 0 0 0 0 0 0 0 0 0 0 
928 9 0 0 0 0 0 0 0 0 0 0 0 
929 9 0 0 0 0 0 0 0 0 0 0 0 
930 9 0 0 0 0 0 0 0 0 0 0 0 
931 9 0 0 0 0 0 0 0 0 0 0 0 
932 9 0 0 0 0 0 0 0 0 0 0 0 
933 9 0 0 0 0 0 0 0 0 0 0 0 
934 9 0 0 0 0 0 0 0 0 0 0 0 
935 9 0 0 0 0 0 0 0 0 0 0 0 
936 9 0 0 0 0 0 0 0 0 0 0 0 
937 9 0 0 0 0 0 0 0 0 0 0 0 
938 9 0 0 0 0 0 0 0 0 0 0 0 
939 9 0 0 0 0 0 0 0 0 0 0 0 
940 9 0 0 0 0 0 0 0 0 0 0 0 
941 9 0 0 0 0 0 0 0 0 0 0 0 
942 9 0 0 0 0 0 0 0 0 0 0 0 
943 9 0 0 0 0 0 0 0 0 0 0 0 
944 9 0 0 0 0 0 0 0 0 0 0 0 
945 9 0 0 0 0 0 0 0 0 0 0 0 
946 9 0 0 0 0 0 0 0 0 0 0 0 
947 9 0 0 0 0 0 0 0 0 0 0 0 
948 9 0 0 0 0 0 0 0 0 0 0 0 
949 9 0 0 0 0 0 0 0 0 0 0 0 
950 9 0 0 0 0 0 0 0 0 0 0 0 
951 9 0 0 0 0 0 0 0 0 0 0 0 
952 9 0 0 0 0 0 0 0 0 0 0 0 
953 9 0 0 0 0 0 0 0 0 0 0 0 
954 9 0 0 0 0 0 0 0 0 0 0 0 
955 9 0 0 0 0 0 0 0 0 0 0 0 
956 9 0 0 0 0 0 0 0 0 0 0 0 
957 9 0 0 0 0 0 0 0 0 0 0 0 
958 9 0 0 0 0 0 0 0 0 0 0 0 
959 9 0 0 0 0 0 0 0 0 0 0 0 
960 9 0 0 0 0 0 0 0 0 0 0 0 
961 9 0 0 0 0 0 0 0 0 0 0 0 
962 9 0 0 0 0 0 0 0 0 0 0 0 
963 9 0 0 0 0 0 0 0 0 0 0 0 
964 9 0 0 0 0 0 0 0 0 0 0 0 
965 9 0 0 0 0 0 0 0 0 0 0 0 
966 9 0 0 0 0 0 0 0 0 0 0 0 
967 9 0 0 0 0 0 0 0 0 0 0 0 
968 9 0 0 0 0 0 0 0 0 0 0 0 
969 9 0 0 0 0 0 0 0 0 0 0 0 
970 9 0 0 0 0 0 0 0 0 0 0 0 
971 9 0 0 0 0 0 0 0 0 0 0 0 
972 9 0 0 0 0 0 0 0 0 0 0 0 
973 9 0 0 0 0 0 0 0 0 0 0 0 
974 9 0 0 0 0 0 0 0 0 0 0 0 
975 9 0 0 0 0 0 0 0 0 0 0 0 
976 9 0 0 0 0 0 0 0 0 0 0 0 
977 9 0 0 0 0 0 0 0 0 0 0 0 
978 9 0 0 0 0 0 0 0 0 0 0 0 
979 9 0 0 0 0 0 0 0 0 0 0 0 
980 9 0 0 0 0 0 0 0 0 0 0 0 
981 9 0 0 0 0 0 0 0 0 0 0 0 
982 9 0 0 0 0 0 0 0 0 0 0 0 
983 9 0 0 0 0 0 0 0 0 0 0 0 
984 9 0 0 0 0 0 0 0 0 0 0 0 
985 9 0 0 0 0 0 0 0 0 0 0 0 
986 9 0 0 0 0 0 0 0 0 0 0 0 
987 9 0 0 0 0 0 0 0 0 0 0 0 
988 9 0 0 0 0 0 0 0 0 0 0 0 
989 9 0 0 0 0 0 0 0 0 0 0 0 
990 9 0 0 0 0 0 0 0 0 0 0 0 
991 9 75 0 0 0 0 0 0 0 0 0 0 
992 9 76 0 0 0 0 0 0 0 0 0 0 
993 9 0 0 0 0 0 0 0 0 0 0 0 
994 9 0 0 0 0 0 0 0 0 0 0 0 
995 9 0 0 0 0 0 0 0 0 0 0 0 
996 9 0 0 0 0 0 0 0 0 0 0 0 
997 9 0 0 0 0 0 0 0 0 0 0 0 
998 9 0 0 0 0 0 0 0 0 0 0 0 
999 9 0 0 0 0 0 0 0 0 0 0 0 
1000 9 0 0 0 0 0 0 0 0 0 0 0 
1001 9 0 0 0 0 0 0 0 0 0 0 0 
1002 9 0 0 0 0 0 0 0 0 0 0 0 
1003 9 0 0 0 0 0 0 0 0 0 0 0 
1004 9 0 0 0 0 0 0 0 0 0 0 0 
1005 9 0 0 0 0 0 0 0 0 0 0 0 
1006 9 0 0 0 0 0 0 0 0 0 0 0 
1007 9 0 0 0 0 0 0 0 0 0 0 0 
1008 9 0 0 0 0 0 0 0 0 0 0 0 
1009 9 0 0 0 0 0 0 0 0 0 0 0 
1010 9 0 0 0 0 0 0 0 0 0 0 0 
1011 9 0 0 0 0 0 0 0 0 0 0 0 
1012 9 0 0 0 0 0 0 0 0 0 0 0 
1013 9 0 0 0 0 0 0 0 0 0 0 0 
1014 9 0 0 0 0 0 0 0 0 0 0 0 
1015 9 0 0 0 0 0 0 0 0 0 0 0 
1016 9 0 0 0 0 0 0 0 0 0 0 0 
1017 9 0 0 0 0 0 0 0 0 0 0 0 
1018 9 0 0 0 0 0 0 0 0 0 0 0 
1019 9 0 0 0 0 0 0 0 0 0 0 0 
1020 9 0 0 0 0 0 0 0 0 0 0 0 
1021 9 0 0 0 0 0 0 0 0 0 0 0 
1022 9 0 0 0 0 0 0 0 0 0 0 0 
1023 10 0 0 0 0 0 0 0 0 0 0 0 
1024 10 0 0 0 0 0 0 0 0 0 0 0 
1025 10 0 0 0 0 0 0 0 0 0 0 0 
1026 10 0 0 0 0 0 0 0 0 0 0 0 
1027 10 0 0 0 0 0 0 0 0 0 0 0 
1028 10 0 0 0 0 0 0 0 0 0 0 0 
1029 10 0 0 0 0 0 0 0 0 0 0 0 
1030 10 0 0 0 0 0 0 0 0 0 0 0 
1031 10 0 0 0 0 0 0 0 0 0 0 0 
1032 10 0 0 0 0 0 0 0 0 0 0 0 
1033 10 0 0 0 0 0 0 0 0 0 0 0 
1034 10 0 0 0 0 0 0 0 0 0 0 0 
1035 10 0 0 0 0 0 0 0 0 0 0 0 
1036 10 0 0 0 0 0 0 0 0 0 0 0 
1037 10 0 0 0 0 0 0 0 0 0 0 0 
1038 10 0 0 0 0 0 0 0 0 0 0 0 
1039 10 0 0 0 0 0 0 0 0 0 0 0 
1040 10 0 0 0 0 0 0 0 0 0 0 0 
1041 10 0 0 0 0 0 0 0 0 0 0 0 
1042 10 0 0 0 0 0 0 0 0 0 0 0 
1043 10 0 0 0 0 0 0 0 0 0 0 0 
1044 10 0 0 0 0 0 0 0 0 0 0 0 
1045 10 0 0 0 0 0 0 0 0 0 0 0 
1046 10 0 0 0 0 0 0 0 0 0 0 0 
1047 10 0 0 0 0 0 0 0 0 0 0 0 
1048 10 0 0 0 0 0 0 0 0 0 0 0 
1049 10 0 0 0 0 0 0 0 0 0 0 0 
1050 10 0 0 0 0 0 0 0 0 0 0 0 
1051 10 0 0 0 0 0 0 0 0 0 0 0 
1052 10 0 0 0 0 0 0 0 0 0 0 0 
1053 10 0 0 0 0 0 0 0 0 0 0 0 
1054 10 0 0 0 0 0 0 0 0 0 0 0 
1055 10 0 0 0 0 0 0 0 0 0 0 0 
1056 10 0 0 0 0 0 0 0 0 0 0 0 
1057 10 0 0 0 0 0 0 0 0 0 0 0 
1058 10 0 0 0 0 0 0 0 0 0 0 0 
1059 10 0 0 0 0 0 0 0 0 0 0 0 
1060 10 0 0 0 0 0 0 0 0 0 0 0 
1061 10 0 0 0 0 0 0 0 0 0 0 0 
1062 10 0 0 0 0 0 0 0 0 0 0 0 
1063 10 0 0 0 0 0 0 0 0 0 0 0 
1064 10 0 0 0 0 0 0 0 0 0 0 0 
1065 10 0 0 0 0 0 0 0 0 0 0 0 
1066 10 0 0 0 0 0 0 0 0 0 0 0 
1067 10 0 0 0 0 0 0 0 0 0 0 0 
1068 10 0 0 0 0 0 0 0 0 0 0 0 
1069 10 0 0 0 0 0 0 0 0 0 0 0 
1070 10 0 0 0 0 0 0 0 0 0 0 0 
1071 10 0 0 0 0 0 0 0 0 0 0 0 
1072 10 0 0 0 0 0 0 0 0 0 0 0 
1073 10 0 0 0 0 0 0 0 0 0 0 0 
1074 10 0 0 0 0 0 0 0 0 0 0 0 
1075 10 0 0 0 0 0 0 0 0 0 0 0 
1076 10 0 0 0 0 0 0 0 0 0 0 0 
1077 10 0 0 0 0 0 0 0 0 0 0 0 
1078 10 0 0 0 0 0 0 0 0 0 0 0 
1079 10 0 0 0 0 0 0 0 0 0 0 0 
1080 10 0 0 0 0 0 0 0 0 0 0 0 
1081 10 0 0 0 0 0 0 0 0 0 0 0 
1082 10 0 0 0 0 0 0 0 0 0 0 0 
1083 10 0 0 0 0 0 0 0 0 0 0 0 
1084 10 0 0 0 0 0 0 0 0 0 0 0 
1085 10 0 0 0 0 0 0 0 0 0 0 0 
1086 10 0 0 0 0 0 0 0 0 0 0 0 
1087 10 0 0 0 0 0 0 0 0 0 0 0 
1088 10 0 0 0 0 0 0 0 0 0 0 0 
1089 10 0 0 0 0 0 0 0 0 0 0 0 
1090 10 0 0 0 0 0 0 0 0 0 0 0 
1091 10 0 0 0 0 0 0 0 0 0 0 0 
1092 10 0 0 0 0 0 0 0 0 0 0 0 
1093 10 0 0 0 0 0 0 0 0 0 0 0 
1094 10 0 0 0 0 0 0 0 0 0 0 0 
1095 10 0 0 0 0 0 0 0 0 0 0 0 
1096 10 0 0 0 0 0 0 0 0 0 0 0 
1097 10 0 0 0 0 0 0 0 0 0 0 0 
1098 10 0 0 0 0 0 0 0 0 0 0 0 
1099 10 0 0 0 0 0 0 0 0 0 0 0 
1100 10 0 0 0 0 0 0 0 0 0 0 0 
1101 10 0 0 0 0 0 0 0 0 0 0 0 
1102 10 0 0 0 0 0 0 0 0 0 0 0 
1103 10 0 0 0 0 0 0 0 0 0 0 0 
1104 10 0 0 0 0 0 0 0 0 0 0 0 
1105 10 0 0 0 0 0 0 0 0 0 0 0 
1106 10 0 0 0 0 0 0 0 0 0 0 0 
1107 10 0 0 0 0 0 0 0 0 0 0 0 
1108 10 0 0 0 0 0 0 0 0 0 0 0 
1109 10 0 0 0 0 0 0 0 0 0 0 0 
1110 10 0 0 0 0 0 0 0 0 0 0 0 
1111 10 0 0 0 0 0 0 0 0 0 0 0 
1112 10 0 0 0 0 0 0 0 0 0 0 0 
1113 10 0 0 0 0 0 0 0 0 0 0 0 
1114 10 0 0 0 0 0 0 0 0 0 0 0 
1115 10 0 0 0 0 0 0 0 0 0 0 0 
1116 10 0 0 0 0 0 0 0 0 0 0 0 
1117 10 0 0 0 0 0 0 0 0 0 0 0 
1118 10 0 0 0 0 0 0 0 0 0 0 0 
1119 10 0 0 0 0 0 0 0 0 0 0 0 
1120 10 0 0 0 0 0 0 0 0 0 0 0 
1121 10 0 0 0 0 0 0 0 0 0 0 0 
1122 10 0 0 0 0 0 0 0 0 0 0 0 
1123 10 0 0 0 0 0 0 0 0 0 0 0 
1124 10 0 0 0 0 0 0 0 0 0 0 0 
1125 10 0 0 0 0 0 0 0 0 0 0 0 
1126 10 0 0 0 0 0 0 0 0 0 0 0 
1127 10 0 0 0 0 0 0 0 0 0 0 0 
1128 10 0 0 0 0 0 0 0 0 0 0 0 
1129 10 0 0 0 0 0 0 0 0 0 0 0 
1130 10 0 0 0 0 0 0 0 0 0 0 0 
1131 10 0 0 0 0 0 0 0 0 0 0 0 
1132 10 0 0 0 0 0 0 0 0 0 0 0 
1133 10 0 0 0 0 0 0 0 0 0 0 0 
1134 10 0 0 0 0 0 0 0 0 0 0 0 
1135 10 0 0 0 0 0 0 0 0 0 0 0 
1136 10 0 0 0 0 0 0 0 0 0 0 0 
1137 10 0 0 0 0 0 0 0 0 0 0 0 
1138 10 0 0 0 0 0 0 0 0 0 0 0 
1139 10 0 0 0 0 0 0 0 0 0 0 0 
1140 10 0 0 0 0 0 0 0 0 0 0 0 
1141 10 0 0 0 0 0 0 0 0 0 0 0 
1142 10 0 0 0 0 0 0 0 0 0 0 0 
1143 10 0 0 0 0 0 0 0 0 0 0 0 
1144 10 0 0 0 0 0 0 0 0 0 0 0 
1145 10 0 0 0 0 0 0 0 0 0 0 0 
1146 10 0 0 0 0 0 0 0 0 0 0 0 
1147 10 0 0 0 0 0 0 0 0 0 0 0 
1148 10 0 0 0 0 0 0 0 0 0 0 0 
1149 10 0 0 0 0 0 0 0 0 0 0 0 
1150 10 0 0 0 0 0 0 0 0 0 0 0 
1151 10 0 0 0 0 0 0 0 0 0 0 0 
1152 10 0 0 0 0 0 0 0 0 0 0 0 
1153 10 0 0 0 0 0 0 0 0 0 0 0 
1154 10 0 0 0 0 0 0 0 0 0 0 0 
1155 10 0 0 0 0 0 0 0 0 0 0 0 
1156 10 0 0 0 0 0 0 0 0 0 0 0 
1157 10 0 0 0 0 0 0 0 0 0 0 0 
1158 10 0 0 0 0 0 0 0 0 0 0 0 
1159 10 0 0 0 0 0 0 0 0 0 0 0 
1160 10 0 0 0 0 0 0 0 0 0 0 0 
1161 10 0 0 0 0 0 0 0 0 0 0 0 
1162 10 0 0 0 0 0 0 0 0 0 0 0 
1163 10 0 0 0 0 0 0 0 0 0 0 0 
1164 10 0 0 0 0 0 0 0 0 0 0 0 
1165 10 0 0 0 0 0 0 0 0 0 0 0 
1166 10 0 0 0 0 0 0 0 0 0 0 0 
1167 10 0 0 0 0 0 0 0 0 0 0 0 
1168 10 0 0 0 0 0 0 0 0 0 0 0 
1169 10 0 0 0 0 0 0 0 0 0 0 0 
1170 10 0 0 0 0 0 0 0 0 0 0 0 
1171 10 0 0 0 0 0 0 0 0 0 0 0 
1172 10 0 0 0 0 0 0 0 0 0 0 0 
1173 10 0 0 0 0 0 0 0 0 0 0 0 
1174 10 0 0 0 0 0 0 0 0 0 0 0 
1175 10 0 0 0 0 0 0 0 0 0 0 0 
1176 10 0 0 0 0 0 0 0 0 0 0 0 
1177 10 0 0 0 0 0 0 0 0 0 0 0 
1178 10 0 0 0 0 0 0 0 0 0 0 0 
1179 10 0 0 0 0 0 0 0 0 0 0 0 
1180 10 0 0 0 0 0 0 0 0 0 0 0 
1181 10 0 0 0 0 0 0 0 0 0 0 0 
1182 10 0 0 0 0 0 0 0 0 0 0 0 
1183 10 0 0 0 0 0 0 0 0 0 0 0 
1184 10 0 0 0 0 0 0 0 0 0 0 0 
1185 10 0 0 0 0 0 0 0 0 0 0 0 
1186 10 0 0 0 0 0 0 0 0 0 0 0 
1187 10 0 0 0 0 0 0 0 0 0 0 0 
1188 10 0 0 0 0 0 0 0 0 0 0 0 
1189 10 0 0 0 0 0 0 0 0 0 0 0 
1190 10 0 0 0 0 0 0 0 0 0 0 0 
1191 10 0 0 0 0 0 0 0 0 0 0 0 
1192 10 0 0 0 0 0 0 0 0 0 0 0 
1193 10 0 0 0 0 0 0 0 0 0 0 0 
1194 10 0 0 0 0 0 0 0 0 0 0 0 
1195 10 0 0 0 0 0 0 0 0 0 0 0 
1196 10 0 0 0 0 0 0 0 0 0 0 0 
1197 10 0 0 0 0 0 0 0 0 0 0 0 
1198 10 0 0 0 0 0 0 0 0 0 0 0 
1199 10 0 0 0 0 0 0 0 0 0 0 0 
1200 10 0 0 0 0 0 0 0 0 0 0 0 
1201 10 0 0 0 0 0 0 0 0 0 0 0 
1202 10 0 0 0 0 0 0 0 0 0 0 0 
1203 10 0 0 0 0 0 0 0 0 0 0 0 
1204 10 0 0 0 0 0 0 0 0 0 0 0 
1205 10 0 0 0 0 0 0 0 0 0 0 0 
1206 10 0 0 0 0 0 0 0 0 0 0 0 
1207 10 0 0 0 0 0 0 0 0 0 0 0 
1208 10 0 0 0 0 0 0 0 0 0 0 0 
1209 10 0 0 0 0 0 0 0 0 0 0 0 
1210 10 0 0 0 0 0 0 0 0 0 0 0 
1211 10 0 0 0 0 0 0 0 0 0 0 0 
1212 10 0 0 0 0 0 0 0 0 0 0 0 
1213 10 0 0 0 0 0 0 0 0 0 0 0 
1214 10 0 0 0 0 0 0 0 0 0 0 0 
1215 10 0 0 0 0 0 0 0 0 0 0 0 
1216 10 0 0 0 0 0 0 0 0 0 0 0 
1217 10 0 0 0 0 0 0 0 0 0 0 0 
1218 10 0 0 0 0 0 0 0 0 0 0 0 
1219 10 0 0 0 0 0 0 0 0 0 0 0 
1220 10 0 0 0 0 0 0 0 0 0 0 0 
1221 10 0 0 0 0 0 0 0 0 0 0 0 
1222 10 0 0 0 0 0 0 0 0 0 0 0 
1223 10 0 0 0 0 0 0 0 0 0 0 0 
1224 10 0 0 0 0 0 0 0 0 0 0 0 
1225 10 0 0 0 0 0 0 0 0 0 0 0 
1226 10 0 0 0 0 0 0 0 0 0 0 0 
1227 10 0 0 0 0 0 0 0 0 0 0 0 
1228 10 0 0 0 0 0 0 0 0 0 0 0 
1229 10 0 0 0 0 0 0 0 0 0 0 0 
1230 10 0 0 0 0 0 0 0 0 0 0 0 
1231 10 0 0 0 0 0 0 0 0 0 0 0 
1232 10 0 0 0 0 0 0 0 0 0 0 0 
1233 10 0 0 0 0 0 0 0 0 0 0 0 
1234 10 0 0 0 0 0 0 0 0 0 0 0 
1235 10 0 0 0 0 0 0 0 0 0 0 0 
1236 10 0 0 0 0 0 0 0 0 0 0 0 
1237 10 0 0 0 0 0 0 0 0 0 0 0 
1238 10 0 0 0 0 0 0 0 0 0 0 0 
1239 10 0 0 0 0 0 0 0 0 0 0 0 
1240 10 0 0 0 0 0 0 0 0 0 0 0 
1241 10 0 0 0 0 0 0 0 0 0 0 0 
1242 10 0 0 0 0 0 0 0 0 0 0 0 
1243 10 0 0 0 0 0 0 0 0 0 0 0 
1244 10 0 0 0 0 0 0 0 0 0 0 0 
1245 10 0 0 0 0 0 0 0 0 0 0 0 
1246 10 0 0 0 0 0 0 0 0 0 0 0 
1247 10 0 0 0 0 0 0 0 0 0 0 0 
1248 10 0 0 0 0 0 0 0 0 0 0 0 
1249 10 0 0 0 0 0 0 0 0 0 0 0 
1250 10 0 0 0 0 0 0 0 0 0 0 0 
1251 10 0 0 0 0 0 0 0 0 0 0 0 
1252 10 0 0 0 0 0 0 0 0 0 0 0 
1253 10 0 0 0 0 0 0 0 0 0 0 0 
1254 10 0 0 0 0 0 0 0 0 0 0 0 
1255 10 0 0 0 0 0 0 0 0 0 0 0 
1256 10 0 0 0 0 0 0 0 0 0 0 0 
1257 10 0 0 0 0 0 0 0 0 0 0 0 
1258 10 0 0 0 0 0 0 0 0 0 0 0 
1259 10 0 0 0 0 0 0 0 0 0 0 0 
1260 10 0 0 0 0 0 0 0 0 0 0 0 
1261 10 0 0 0 0 0 0 0 0 0 0 0 
1262 10 0 0 0 0 0 0 0 0 0 0 0 
1263 10 0 0 0 0 0 0 0 0 0 0 0 
1264 10 0 0 0 0 0 0 0 0 0 0 0 
1265 10 0 0 0 0 0 0 0 0 0 0 0 
1266 10 0 0 0 0 0 0 0 0 0 0 0 
1267 10 0 0 0 0 0 0 0 0 0 0 0 
1268 10 0 0 0 0 0 0 0 0 0 0 0 
1269 10 0 0 0 0 0 0 0 0 0 0 0 
1270 10 0 0 0 0 0 0 0 0 0 0 0 
1271 10 0 0 0 0 0 0 0 0 0 0 0 
1272 10 0 0 0 0 0 0 0 0 0 0 0 
1273 10 0 0 0 0 0 0 0 0 0 0 0 
1274 10 0 0 0 0 0 0 0 0 0 0 0 
1275 10 0 0 0 0 0 0 0 0 0 0 0 
1276 10 0 0 0 0 0 0 0 0 0 0 0 
1277 10 0 0 0 0 0 0 0 0 0 0 0 
1278 10 0 0 0 0 0 0 0 0 0 0 0 
1279 10 0 0 0 0 0 0 0 0 0 0 0 
1280 10 0 0 0 0 0 0 0 0 0 0 0 
1281 10 0 0 0 0 0 0 0 0 0 0 0 
1282 10 0 0 0 0 0 0 0 0 0 0 0 
1283 10 0 0 0 0 0 0 0 0 0 0 0 
1284 10 0 0 0 0 0 0 0 0 0 0 0 
1285 10 0 0 0 0 0 0 0 0 0 0 0 
1286 10 0 0 0 0 0 0 0 0 0 0 0 
1287 10 0 0 0 0 0 0 0 0 0 0 0 
1288 10 0 0 0 0 0 0 0 0 0 0 0 
1289 10 0 0 0 0 0 0 0 0 0 0 0 
1290 10 0 0 0 0 0 0 0 0 0 0 0 
1291 10 0 0 0 0 0 0 0 0 0 0 0 
1292 10 0 0 0 0 0 0 0 0 0 0 0 
1293 10 0 0 0 0 0 0 0 0 0 0 0 
1294 10 0 0 0 0 0 0 0 0 0 0 0 
1295 10 0 0 0 0 0 0 0 0 0 0 0 
1296 10 0 0 0 0 0 0 0 0 0 0 0 
1297 10 0 0 0 0 0 0 0 0 0 0 0 
1298 10 0 0 0 0 0 0 0 0 0 0 0 
1299 10 0 0 0 0 0 0 0 0 0 0 0 
1300 10 0 0 0 0 0 0 0 0 0 0 0 
1301 10 0 0 0 0 0 0 0 0 0 0 0 
1302 10 0 0 0 0 0 0 0 0 0 0 0 
1303 10 0 0 0 0 0 0 0 0 0 0 0 
1304 10 0 0 0 0 0 0 0 0 0 0 0 
1305 10 0 0 0 0 0 0 0 0 0 0 0 
1306 10 0 0 0 0 0 0 0 0 0 0 0 
1307 10 0 0 0 0 0 0 0 0 0 0 0 
1308 10 0 0 0 0 0 0 0 0 0 0 0 
1309 10 0 0 0 0 0 0 0 0 0 0 0 
1310 10 0 0 0 0 0 0 0 0 0 0 0 
1311 10 0 0 0 0 0 0 0 0 0 0 0 
1312 10 0 0 0 0 0 0 0 0 0 0 0 
1313 10 0 0 0 0 0 0 0 0 0 0 0 
1314 10 0 0 0 0 0 0 0 0 0 0 0 
1315 10 0 0 0 0 0 0 0 0 0 0 0 
1316 10 0 0 0 0 0 0 0 0 0 0 0 
1317 10 0 0 0 0 0 0 0 0 0 0 0 
1318 10 0 0 0 0 0 0 0 0 0 0 0 
1319 10 0 0 0 0 0 0 0 0 0 0 0 
1320 10 0 0 0 0 0 0 0 0 0 0 0 
1321 10 0 0 0 0 0 0 0 0 0 0 0 
1322 10 0 0 0 0 0 0 0 0 0 0 0 
1323 10 0 0 0 0 0 0 0 0 0 0 0 
1324 10 0 0 0 0 0 0 0 0 0 0 0 
1325 10 0 0 0 0 0 0 0 0 0 0 0 
1326 10 0 0 0 0 0 0 0 0 0 0 0 
1327 10 0 0 0 0 0 0 0 0 0 0 0 
1328 10 0 0 0 0 0 0 0 0 0 0 0 
1329 10 0 0 0 0 0 0 0 0 0 0 0 
1330 10 0 0 0 0 0 0 0 0 0 0 0 
1331 10 0 0 0 0 0 0 0 0 0 0 0 
1332 10 0 0 0 0 0 0 0 0 0 0 0 
1333 10 0 0 0 0 0 0 0 0 0 0 0 
1334 10 0 0 0 0 0 0 0 0 0 0 0 
1335 10 0 0 0 0 0 0 0 0 0 0 0 
1336 10 0 0 0 0 0 0 0 0 0 0 0 
1337 10 0 0 0 0 0 0 0 0 0 0 0 
1338 10 0 0 0 0 0 0 0 0 0 0 0 
1339 10 0 0 0 0 0 0 0 0 0 0 0 
1340 10 0 0 0 0 0 0 0 0 0 0 0 
1341 10 0 0 0 0 0 0 0 0 0 0 0 
1342 10 0 0 0 0 0 0 0 0 0 0 0 
1343 10 0 0 0 0 0 0 0 0 0 0 0 
1344 10 0 0 0 0 0 0 0 0 0 0 0 
1345 10 0 0 0 0 0 0 0 0 0 0 0 
1346 10 0 0 0 0 0 0 0 0 0 0 0 
1347 10 0 0 0 0 0 0 0 0 0 0 0 
1348 10 0 0 0 0 0 0 0 0 0 0 0 
1349 10 0 0 0 0 0 0 0 0 0 0 0 
1350 10 0 0 0 0 0 0 0 0 0 0 0 
1351 10 0 0 0 0 0 0 0 0 0 0 0 
1352 10 0 0 0 0 0 0 0 0 0 0 0 
1353 10 0 0 0 0 0 0 0 0 0 0 0 
1354 10 0 0 0 0 0 0 0 0 0 0 0 
1355 10 0 0 0 0 0 0 0 0 0 0 0 
1356 10 0 0 0 0 0 0 0 0 0 0 0 
1357 10 0 0 0 0 0 0 0 0 0 0 0 
1358 10 0 0 0 0 0 0 0 0 0 0 0 
1359 10 0 0 0 0 0 0 0 0 0 0 0 
1360 10 0 0 0 0 0 0 0 0 0 0 0 
1361 10 0 0 0 0 0 0 0 0 0 0 0 
1362 10 0 0 0 0 0 0 0 0 0 0 0 
1363 10 0 0 0 0 0 0 0 0 0 0 0 
1364 10 0 0 0 0 0 0 0 0 0 0 0 
1365 10 0 0 0 0 0 0 0 0 0 0 0 
1366 10 0 0 0 0 0 0 0 0 0 0 0 
1367 10 0 0 0 0 0 0 0 0 0 0 0 
1368 10 0 0 0 0 0 0 0 0 0 0 0 
1369 10 0 0 0 0 0 0 0 0 0 0 0 
1370 10 0 0 0 0 0 0 0 0 0 0 0 
1371 10 0 0 0 0 0 0 0 0 0 0 0 
1372 10 0 0 0 0 0 0 0 0 0 0 0 
1373 10 0 0 0 0 0 0 0 0 0 0 0 
1374 10 0 0 0 0 0 0 0 0 0 0 0 
1375 10 0 0 0 0 0 0 0 0 0 0 0 
1376 10 0 0 0 0 0 0 0 0 0 0 0 
1377 10 0 0 0 0 0 0 0 0 0 0 0 
1378 10 0 0 0 0 0 0 0 0 0 0 0 
1379 10 0 0 0 0 0 0 0 0 0 0 0 
1380 10 0 0 0 0 0 0 0 0 0 0 0 
1381 10 0 0 0 0 0 0 0 0 0 0 0 
1382 10 0 0 0 0 0 0 0 0 0 0 0 
1383 10 0 0 0 0 0 0 0 0 0 0 0 
1384 10 0 0 0 0 0 0 0 0 0 0 0 
1385 10 0 0 0 0 0 0 0 0 0 0 0 
1386 10 0 0 0 0 0 0 0 0 0 0 0 
1387 10 0 0 0 0 0 0 0 0 0 0 0 
1388 10 0 0 0 0 0 0 0 0 0 0 0 
1389 10 0 0 0 0 0 0 0 0 0 0 0 
1390 10 0 0 0 0 0 0 0 0 0 0 0 
1391 10 0 0 0 0 0 0 0 0 0 0 0 
1392 10 0 0 0 0 0 0 0 0 0 0 0 
1393 10 0 0 0 0 0 0 0 0 0 0 0 
1394 10 0 0 0 0 0 0 0 0 0 0 0 
1395 10 0 0 0 0 0 0 0 0 0 0 0 
1396 10 0 0 0 0 0 0 0 0 0 0 0 
1397 10 0 0 0 0 0 0 0 0 0 0 0 
1398 10 0 0 0 0 0 0 0 0 0 0 0 
1399 10 0 0 0 0 0 0 0 0 0 0 0 
1400 10 0 0 0 0 0 0 0 0 0 0 0 
1401 10 0 0 0 0 0 0 0 0 0 0 0 
1402 10 0 0 0 0 0 0 0 0 0 0 0 
1403 10 0 0 0 0 0 0 0 0 0 0 0 
1404 10 0 0 0 0 0 0 0 0 0 0 0 
1405 10 0 0 0 0 0 0 0 0 0 0 0 
1406 10 0 0 0 0 0 0 0 0 0 0 0 
1407 10 0 0 0 0 0 0 0 0 0 0 0 
1408 10 0 0 0 0 0 0 0 0 0 0 0 
1409 10 0 0 0 0 0 0 0 0 0 0 0 
1410 10 0 0 0 0 0 0 0 0 0 0 0 
1411 10 0 0 0 0 0 0 0 0 0 0 0 
1412 10 0 0 0 0 0 0 0 0 0 0 0 
1413 10 0 0 0 0 0 0 0 0 0 0 0 
1414 10 0 0 0 0 0 0 0 0 0 0 0 
1415 10 0 0 0 0 0 0 0 0 0 0 0 
1416 10 0 0 0 0 0 0 0 0 0 0 0 
1417 10 0 0 0 0 0 0 0 0 0 0 0 
1418 10 0 0 0 0 0 0 0 0 0 0 0 
1419 10 0 0 0 0 0 0 0 0 0 0 0 
1420 10 0 0 0 0 0 0 0 0 0 0 0 
1421 10 0 0 0 0 0 0 0 0 0 0 0 
1422 10 0 0 0 0 0 0 0 0 0 0 0 
1423 10 0 0 0 0 0 0 0 0 0 0 0 
1424 10 0 0 0 0 0 0 0 0 0 0 0 
1425 10 0 0 0 0 0 0 0 0 0 0 0 
1426 10 0 0 0 0 0 0 0 0 0 0 0 
1427 10 0 0 0 0 0 0 0 0 0 0 0 
1428 10 0 0 0 0 0 0 0 0 0 0 0 
1429 10 0 0 0 0 0 0 0 0 0 0 0 
1430 10 0 0 0 0 0 0 0 0 0 0 0 
1431 10 0 0 0 0 0 0 0 0 0 0 0 
1432 10 0 0 0 0 0 0 0 0 0 0 0 
1433 10 0 0 0 0 0 0 0 0 0 0 0 
1434 10 0 0 0 0 0 0 0 0 0 0 0 
1435 10 0 0 0 0 0 0 0 0 0 0 0 
1436 10 0 0 0 0 0 0 0 0 0 0 0 
1437 10 0 0 0 0 0 0 0 0 0 0 0 
1438 10 0 0 0 0 0 0 0 0 0 0 0 
1439 10 0 0 0 0 0 0 0 0 0 0 0 
1440 10 0 0 0 0 0 0 0 0 0 0 0 
1441 10 0 0 0 0 0 0 0 0 0 0 0 
1442 10 0 0 0 0 0 0 0 0 0 0 0 
1443 10 0 0 0 0 0 0 0 0 0 0 0 
1444 10 0 0 0 0 0 0 0 0 0 0 0 
1445 10 0 0 0 0 0 0 0 0 0 0 0 
1446 10 0 0 0 0 0 0 0 0 0 0 0 
1447 10 0 0 0 0 0 0 0 0 0 0 0 
1448 10 0 0 0 0 0 0 0 0 0 0 0 
1449 10 0 0 0 0 0 0 0 0 0 0 0 
1450 10 0 0 0 0 0 0 0 0 0 0 0 
1451 10 0 0 0 0 0 0 0 0 0 0 0 
1452 10 0 0 0 0 0 0 0 0 0 0 0 
1453 10 0 0 0 0 0 0 0 0 0 0 0 
1454 10 0 0 0 0 0 0 0 0 0 0 0 
1455 10 0 0 0 0 0 0 0 0 0 0 0 
1456 10 0 0 0 0 0 0 0 0 0 0 0 
1457 10 0 0 0 0 0 0 0 0 0 0 0 
1458 10 0 0 0 0 0 0 0 0 0 0 0 
1459 10 0 0 0 0 0 0 0 0 0 0 0 
1460 10 0 0 0 0 0 0 0 0 0 0 0 
1461 10 0 0 0 0 0 0 0 0 0 0 0 
1462 10 0 0 0 0 0 0 0 0 0 0 0 
1463 10 0 0 0 0 0 0 0 0 0 0 0 
1464 10 0 0 0 0 0 0 0 0 0 0 0 
1465 10 0 0 0 0 0 0 0 0 0 0 0 
1466 10 0 0 0 0 0 0 0 0 0 0 0 
1467 10 0 0 0 0 0 0 0 0 0 0 0 
1468 10 0 0 0 0 0 0 0 0 0 0 0 
1469 10 0 0 0 0 0 0 0 0 0 0 0 
1470 10 0 0 0 0 0 0 0 0 0 0 0 
1471 10 0 0 0 0 0 0 0 0 0 0 0 
1472 10 0 0 0 0 0 0 0 0 0 0 0 
1473 10 0 0 0 0 0 0 0 0 0 0 0 
1474 10 0 0 0 0 0 0 0 0 0 0 0 
1475 10 0 0 0 0 0 0 0 0 0 0 0 
1476 10 0 0 0 0 0 0 0 0 0 0 0 
1477 10 0 0 0 0 0 0 0 0 0 0 0 
1478 10 0 0 0 0 0 0 0 0 0 0 0 
1479 10 0 0 0 0 0 0 0 0 0 0 0 
1480 10 0 0 0 0 0 0 0 0 0 0 0 
1481 10 0 0 0 0 0 0 0 0 0 0 0 
1482 10 0 0 0 0 0 0 0 0 0 0 0 
1483 10 0 0 0 0 0 0 0 0 0 0 0 
1484 10 0 0 0 0 0 0 0 0 0 0 0 
1485 10 0 0 0 0 0 0 0 0 0 0 0 
1486 10 0 0 0 0 0 0 0 0 0 0 0 
1487 10 0 0 0 0 0 0 0 0 0 0 0 
1488 10 0 0 0 0 0 0 0 0 0 0 0 
1489 10 0 0 0 0 0 0 0 0 0 0 0 
1490 10 0 0 0 0 0 0 0 0 0 0 0 
1491 10 0 0 0 0 0 0 0 0 0 0 0 
1492 10 0 0 0 0 0 0 0 0 0 0 0 
1493 10 0 0 0 0 0 0 0 0 0 0 0 
1494 10 0 0 0 0 0 0 0 0 0 0 0 
1495 10 0 0 0 0 0 0 0 0 0 0 0 
1496 10 0 0 0 0 0 0 0 0 0 0 0 
1497 10 0 0 0 0 0 0 0 0 0 0 0 
1498 10 0 0 0 0 0 0 0 0 0 0 0 
1499 10 0 0 0 0 0 0 0 0 0 0 0 
1500 10 0 0 0 0 0 0 0 0 0 0 0 
1501 10 0 0 0 0 0 0 0 0 0 0 0 
1502 10 0 0 0 0 0 0 0 0 0 0 0 
1503 10 0 0 0 0 0 0 0 0 0 0 0 
1504 10 0 0 0 0 0 0 0 0 0 0 0 
1505 10 0 0 0 0 0 0 0 0 0 0 0 
1506 10 0 0 0 0 0 0 0 0 0 0 0 
1507 10 0 0 0 0 0 0 0 0 0 0 0 
1508 10 0 0 0 0 0 0 0 0 0 0 0 
1509 10 0 0 0 0 0 0 0 0 0 0 0 
1510 10 0 0 0 0 0 0 0 0 0 0 0 
1511 10 0 0 0 0 0 0 0 0 0 0 0 
1512 10 0 0 0 0 0 0 0 0 0 0 0 
1513 10 0 0 0 0 0 0 0 0 0 0 0 
1514 10 0 0 0 0 0 0 0 0 0 0 0 
1515 10 0 0 0 0 0 0 0 0 0 0 0 
1516 10 0 0 0 0 0 0 0 0 0 0 0 
1517 10 0 0 0 0 0 0 0 0 0 0 0 
1518 10 0 0 0 0 0 0 0 0 0 0 0 
1519 10 0 0 0 0 0 0 0 0 0 0 0 
1520 10 0 0 0 0 0 0 0 0 0 0 0 
1521 10 0 0 0 0 0 0 0 0 0 0 0 
1522 10 0 0 0 0 0 0 0 0 0 0 0 
1523 10 0 0 0 0 0 0 0 0 0 0 0 
1524 10 0 0 0 0 0 0 0 0 0 0 0 
1525 10 0 0 0 0 0 0 0 0 0 0 0 
1526 10 0 0 0 0 0 0 0 0 0 0 0 
1527 10 0 0 0 0 0 0 0 0 0 0 0 
1528 10 0 0 0 0 0 0 0 0 0 0 0 
1529 10 0 0 0 0 0 0 0 0 0 0 0 
1530 10 0 0 0 0 0 0 0 0 0 0 0 
1531 10 0 0 0 0 0 0 0 0 0 0 0 
1532 10 0 0 0 0 0 0 0 0 0 0 0 
1533 10 0 0 0 0 0 0 0 0 0 0 0 
1534 10 0 0 0 0 0 0 0 0 0 0 0 
1535 10 0 0 0 0 0 0 0 0 0 0 0 
1536 10 0 0 0 0 0 0 0 0 0 0 0 
1537 10 0 0 0 0 0 0 0 0 0 0 0 
1538 10 0 0 0 0 0 0 0 0 0 0 0 
1539 10 0 0 0 0 0 0 0 0 0 0 0 
1540 10 0 0 0 0 0 0 0 0 0 0 0 
1541 10 0 0 0 0 0 0 0 0 0 0 0 
1542 10 0 0 0 0 0 0 0 0 0 0 0 
1543 10 0 0 0 0 0 0 0 0 0 0 0 
1544 10 0 0 0 0 0 0 0 0 0 0 0 
1545 10 0 0 0 0 0 0 0 0 0 0 0 
1546 10 0 0 0 0 0 0 0 0 0 0 0 
1547 10 0 0 0 0 0 0 0 0 0 0 0 
1548 10 0 0 0 0 0 0 0 0 0 0 0 
1549 10 0 0 0 0 0 0 0 0 0 0 0 
1550 10 0 0 0 0 0 0 0 0 0 0 0 
1551 10 0 0 0 0 0 0 0 0 0 0 0 
1552 10 0 0 0 0 0 0 0 0 0 0 0 
1553 10 0 0 0 0 0 0 0 0 0 0 0 
1554 10 0 0 0 0 0 0 0 0 0 0 0 
1555 10 0 0 0 0 0 0 0 0 0 0 0 
1556 10 0 0 0 0 0 0 0 0 0 0 0 
1557 10 0 0 0 0 0 0 0 0 0 0 0 
1558 10 0 0 0 0 0 0 0 0 0 0 0 
1559 10 0 0 0 0 0 0 0 0 0 0 0 
1560 10 0 0 0 0 0 0 0 0 0 0 0 
1561 10 0 0 0 0 0 0 0 0 0 0 0 
1562 10 0 0 0 0 0 0 0 0 0 0 0 
1563 10 0 0 0 0 0 0 0 0 0 0 0 
1564 10 0 0 0 0 0 0 0 0 0 0 0 
1565 10 0 0 0 0 0 0 0 0 0 0 0 
1566 10 0 0 0 0 0 0 0 0 0 0 0 
1567 10 0 0 0 0 0 0 0 0 0 0 0 
1568 10 0 0 0 0 0 0 0 0 0 0 0 
1569 10 0 0 0 0 0 0 0 0 0 0 0 
1570 10 0 0 0 0 0 0 0 0 0 0 0 
1571 10 0 0 0 0 0 0 0 0 0 0 0 
1572 10 0 0 0 0 0 0 0 0 0 0 0 
1573 10 0 0 0 0 0 0 0 0 0 0 0 
1574 10 0 0 0 0 0 0 0 0 0 0 0 
1575 10 0 0 0 0 0 0 0 0 0 0 0 
1576 10 0 0 0 0 0 0 0 0 0 0 0 
1577 10 0 0 0 0 0 0 0 0 0 0 0 
1578 10 0 0 0 0 0 0 0 0 0 0 0 
1579 10 0 0 0 0 0 0 0 0 0 0 0 
1580 10 0 0 0 0 0 0 0 0 0 0 0 
1581 10 0 0 0 0 0 0 0 0 0 0 0 
1582 10 0 0 0 0 0 0 0 0 0 0 0 
1583 10 0 0 0 0 0 0 0 0 0 0 0 
1584 10 0 0 0 0 0 0 0 0 0 0 0 
1585 10 0 0 0 0 0 0 0 0 0 0 0 
1586 10 0 0 0 0 0 0 0 0 0 0 0 
1587 10 0 0 0 0 0 0 0 0 0 0 0 
1588 10 0 0 0 0 0 0 0 0 0 0 0 
1589 10 0 0 0 0 0 0 0 0 0 0 0 
1590 10 0 0 0 0 0 0 0 0 0 0 0 
1591 10 0 0 0 0 0 0 0 0 0 0 0 
1592 10 0 0 0 0 0 0 0 0 0 0 0 
1593 10 0 0 0 0 0 0 0 0 0 0 0 
1594 10 0 0 0 0 0 0 0 0 0 0 0 
1595 10 0 0 0 0 0 0 0 0 0 0 0 
1596 10 0 0 0 0 0 0 0 0 0 0 0 
1597 10 0 0 0 0 0 0 0 0 0 0 0 
1598 10 0 0 0 0 0 0 0 0 0 0 0 
1599 10 0 0 0 0 0 0 0 0 0 0 0 
1600 10 0 0 0 0 0 0 0 0 0 0 0 
1601 10 0 0 0 0 0 0 0 0 0 0 0 
1602 10 0 0 0 0 0 0 0 0 0 0 0 
1603 10 0 0 0 0 0 0 0 0 0 0 0 
1604 10 0 0 0 0 0 0 0 0 0 0 0 
1605 10 0 0 0 0 0 0 0 0 0 0 0 
1606 10 0 0 0 0 0 0 0 0 0 0 0 
1607 10 0 0 0 0 0 0 0 0 0 0 0 
1608 10 0 0 0 0 0 0 0 0 0 0 0 
1609 10 0 0 0 0 0 0 0 0 0 0 0 
1610 10 0 0 0 0 0 0 0 0 0 0 0 
1611 10 0 0 0 0 0 0 0 0 0 0 0 
1612 10 0 0 0 0 0 0 0 0 0 0 0 
1613 10 0 0 0 0 0 0 0 0 0 0 0 
1614 10 0 0 0 0 0 0 0 0 0 0 0 
1615 10 0 0 0 0 0 0 0 0 0 0 0 
1616 10 0 0 0 0 0 0 0 0 0 0 0 
1617 10 0 0 0 0 0 0 0 0 0 0 0 
1618 10 0 0 0 0 0 0 0 0 0 0 0 
1619 10 0 0 0 0 0 0 0 0 0 0 0 
1620 10 0 0 0 0 0 0 0 0 0 0 0 
1621 10 0 0 0 0 0 0 0 0 0 0 0 
1622 10 0 0 0 0 0 0 0 0 0 0 0 
1623 10 0 0 0 0 0 0 0 0 0 0 0 
1624 10 0 0 0 0 0 0 0 0 0 0 0 
1625 10 0 0 0 0 0 0 0 0 0 0 0 
1626 10 0 0 0 0 0 0 0 0 0 0 0 
1627 10 0 0 0 0 0 0 0 0 0 0 0 
1628 10 0 0 0 0 0 0 0 0 0 0 0 
1629 10 0 0 0 0 0 0 0 0 0 0 0 
1630 10 0 0 0 0 0 0 0 0 0 0 0 
1631 10 0 0 0 0 0 0 0 0 0 0 0 
1632 10 0 0 0 0 0 0 0 0 0 0 0 
1633 10 0 0 0 0 0 0 0 0 0 0 0 
1634 10 0 0 0 0 0 0 0 0 0 0 0 
1635 10 0 0 0 0 0 0 0 0 0 0 0 
1636 10 0 0 0 0 0 0 0 0 0 0 0 
1637 10 0 0 0 0 0 0 0 0 0 0 0 
1638 10 0 0 0 0 0 0 0 0 0 0 0 
1639 10 0 0 0 0 0 0 0 0 0 0 0 
1640 10 0 0 0 0 0 0 0 0 0 0 0 
1641 10 8 0 0 0 0 0 0 0 0 0 0 
1642 10 9 0 0 0 0 0 0 0 0 0 0 
1643 10 10 0 0 0 0 0 0 0 0 0 0 
1644 10 11 0 0 0 0 0 0 0 0 0 0 
1645 10 0 0 0 0 0 0 0 0 0 0 0 
1646 10 0 0 0 0 0 0 0 0 0 0 0 
1647 10 13 0 0 0 0 0 0 0 0 0 0 
1648 10 14 0 0 0 0 0 0 0 0 0 0 
1649 10 15 0 0 0 0 0 0 0 0 0 0 
1650 10 16 0 0 0 0 0 0 0 0 0 0 
1651 10 17 0 0 0 0 0 0 0 0 0 0 
1652 10 18 0 0 0 0 0 0 0 0 0 0 
1653 10 19 0 0 0 0 0 0 0 0 0 0 
1654 10 20 0 0 0 0 0 0 0 0 0 0 
1655 10 21 0 0 0 0 0 0 0 0 0 0 
1656 10 22 0 0 0 0 0 0 0 0 0 0 
1657 10 23 0 0 0 0 0 0 0 0 0 0 
1658 10 24 0 0 0 0 0 0 0 0 0 0 
1659 10 0 0 0 0 0 0 0 0 0 0 0 
1660 10 0 0 0 0 0 0 0 0 0 0 0 
1661 10 0 0 0 0 0 0 0 0 0 0 0 
1662 10 0 0 0 0 0 0 0 0 0 0 0 
1663 10 0 0 0 0 0 0 0 0 0 0 0 
1664 10 0 0 0 0 0 0 0 0 0 0 0 
1665 10 0 0 0 0 0 0 0 0 0 0 0 
1666 10 0 0 0 0 0 0 0 0 0 0 0 
1667 10 0 0 0 0 0 0 0 0 0 0 0 
1668 10 0 0 0 0 0 0 0 0 0 0 0 
1669 10 0 0 0 0 0 0 0 0 0 0 0 
1670 10 0 0 0 0 0 0 0 0 0 0 0 
1671 10 0 0 0 0 0 0 0 0 0 0 0 
1672 10 0 0 0 0 0 0 0 0 0 0 0 
1673 10 0 0 0 0 0 0 0 0 0 0 0 
1674 10 0 0 0 0 0 0 0 0 0 0 0 
1675 10 0 0 0 0 0 0 0 0 0 0 0 
1676 10 0 0 0 0 0 0 0 0 0 0 0 
1677 10 0 0 0 0 0 0 0 0 0 0 0 
1678 10 0 0 0 0 0 0 0 0 0 0 0 
1679 10 0 0 0 0 0 0 0 0 0 0 0 
1680 10 0 0 0 0 0 0 0 0 0 0 0 
1681 10 0 0 0 0 0 0 0 0 0 0 0 
1682 10 0 0 0 0 0 0 0 0 0 0 0 
1683 10 0 0 0 0 0 0 0 0 0 0 0 
1684 10 0 0 0 0 0 0 0 0 0 0 0 
1685 10 0 0 0 0 0 0 0 0 0 0 0 
1686 10 0 0 0 0 0 0 0 0 0 0 0 
1687 10 30 0 0 0 0 0 0 0 0 0 0 
1688 10 31 0 0 0 0 0 0 0 0 0 0 
1689 10 32 0 0 0 0 0 0 0 0 0 0 
1690 10 33 0 0 0 0 0 0 0 0 0 0 
1691 10 0 0 0 0 0 0 0 0 0 0 0 
1692 10 0 0 0 0 0 0 0 0 0 0 0 
1693 10 0 0 0 0 0 0 0 0 0 0 0 
1694 10 0 0 0 0 0 0 0 0 0 0 0 
1695 10 0 0 0 0 0 0 0 0 0 0 0 
1696 10 0 0 0 0 0 0 0 0 0 0 0 
1697 10 0 0 0 0 0 0 0 0 0 0 0 
1698 10 0 0 0 0 0 0 0 0 0 0 0 
1699 10 0 0 0 0 0 0 0 0 0 0 0 
1700 10 0 0 0 0 0 0 0 0 0 0 0 
1701 10 0 0 0 0 0 0 0 0 0 0 0 
1702 10 0 0 0 0 0 0 0 0 0 0 0 
1703 10 0 0 0 0 0 0 0 0 0 0 0 
1704 10 0 0 0 0 0 0 0 0 0 0 0 
1705 10 37 0 0 0 0 0 0 0 0 0 0 
1706 10 38 0 0 0 0 0 0 0 0 0 0 
1707 10 0 0 0 0 0 0 0 0 0 0 0 
1708 10 0 0 0 0 0 0 0 0 0 0 0 
1709 10 0 0 0 0 0 0 0 0 0 0 0 
1710 10 0 0 0 0 0 0 0 0 0 0 0 
1711 10 0 0 0 0 0 0 0 0 0 0 0 
1712 10 0 0 0 0 0 0 0 0 0 0 0 
1713 10 0 0 0 0 0 0 0 0 0 0 0 
1714 10 0 0 0 0 0 0 0 0 0 0 0 
1715 10 0 0 0 0 0 0 0 0 0 0 0 
1716 10 0 0 0 0 0 0 0 0 0 0 0 
1717 10 0 0 0 0 0 0 0 0 0 0 0 
1718 10 0 0 0 0 0 0 0 0 0 0 0 
1719 10 0 0 0 0 0 0 0 0 0 0 0 
1720 10 0 0 0 0 0 0 0 0 0 0 0 
1721 10 42 0 0 0 0 0 0 0 0 0 0 
1722 10 43 0 0 0 0 0 0 0 0 0 0 
1723 10 0 0 0 0 0 0 0 0 0 0 0 
1724 10 0 0 0 0 0 0 0 0 0 0 0 
1725 10 0 0 0 0 0 0 0 0 0 0 0 
1726 10 0 0 0 0 0 0 0 0 0 0 0 
1727 10 45 0 0 0 0 0 0 0 0 0 0 
1728 10 46 0 0 0 0 0 0 0 0 0 0 
1729 10 47 0 0 0 0 0 0 0 0 0 0 
1730 10 48 0 0 0 0 0 0 0 0 0 0 
1731 10 49 0 0 0 0 0 0 0 0 0 0 
1732 10 50 0 0 0 0 0 0 0 0 0 0 
1733 10 51 0 0 0 0 0 0 0 0 0 0 
1734 10 52 0 0 0 0 0 0 0 0 0 0 
1735 10 0 0 0 0 0 0 0 0 0 0 0 
1736 10 0 0 0 0 0 0 0 0 0 0 0 
1737 10 0 0 0 0 0 0 0 0 0 0 0 
1738 10 0 0 0 0 0 0 0 0 0 0 0 
1739 10 0 0 0 0 0 0 0 0 0 0 0 
1740 10 0 0 0 0 0 0 0 0 0 0 0 
1741 10 0 0 0 0 0 0 0 0 0 0 0 
1742 10 0 0 0 0 0 0 0 0 0 0 0 
1743 10 0 0 0 0 0 0 0 0 0 0 0 
1744 10 0 0 0 0 0 0 0 0 0 0 0 
1745 10 0 0 0 0 0 0 0 0 0 0 0 
1746 10 0 0 0 0 0 0 0 0 0 0 0 
1747 10 0 0 0 0 0 0 0 0 0 0 0 
1748 10 0 0 0 0 0 0 0 0 0 0 0 
1749 10 0 0 0 0 0 0 0 0 0 0 0 
1750 10 0 0 0 0 0 0 0 0 0 0 0 
1751 10 0 0 0 0 0 0 0 0 0 0 0 
1752 10 0 0 0 0 0 0 0 0 0 0 0 
1753 10 0 0 0 0 0 0 0 0 0 0 0 
1754 10 0 0 0 0 0 0 0 0 0 0 0 
1755 10 0 0 0 0 0 0 0 0 0 0 0 
1756 10 0 0 0 0 0 0 0 0 0 0 0 
1757 10 0 0 0 0 0 0 0 0 0 0 0 
1758 10 0 0 0 0 0 0 0 0 0 0 0 
1759 10 0 0 0 0 0 0 0 0 0 0 0 
1760 10 0 0 0 0 0 0 0 0 0 0 0 
1761 10 0 0 0 0 0 0 0 0 0 0 0 
1762 10 0 0 0 0 0 0 0 0 0 0 0 
1763 10 0 0 0 0 0 0 0 0 0 0 0 
1764 10 0 0 0 0 0 0 0 0 0 0 0 
1765 10 0 0 0 0 0 0 0 0 0 0 0 
1766 10 0 0 0 0 0 0 0 0 0 0 0 
1767 10 60 0 0 0 0 0 0 0 0 0 0 
1768 10 61 0 0 0 0 0 0 0 0 0 0 
1769 10 0 0 0 0 0 0 0 0 0 0 0 
1770 10 0 0 0 0 0 0 0 0 0 0 0 
1771 10 63 0 0 0 0 0 0 0 0 0 0 
1772 10 64 0 0 0 0 0 0 0 0 0 0 
1773 10 65 0 0 0 0 0 0 0 0 0 0 
1774 10 66 0 0 0 0 0 0 0 0 0 0 
1775 10 0 0 0 0 0 0 0 0 0 0 0 
1776 10 0 0 0 0 0 0 0 0 0 0 0 
1777 10 0 0 0 0 0 0 0 0 0 0 0 
1778 10 0 0 0 0 0 0 0 0 0 0 0 
1779 10 0 0 0 0 0 0 0 0 0 0 0 
1780 10 0 0 0 0 0 0 0 0 0 0 0 
1781 10 0 0 0 0 0 0 0 0 0 0 0 
1782 10 0 0 0 0 0 0 0 0 0 0 0 
1783 10 0 0 0 0 0 0 0 0 0 0 0 
1784 10 0 0 0 0 0 0 0 0 0 0 0 
1785 10 0 0 0 0 0 0 0 0 0 0 0 
1786 10 0 0 0 0 0 0 0 0 0 0 0 
1787 10 0 0 0 0 0 0 0 0 0 0 0 
1788 10 0 0 0 0 0 0 0 0 0 0 0 
1789 10 0 0 0 0 0 0 0 0 0 0 0 
1790 10 0 0 0 0 0 0 0 0 0 0 0 
1791 10 0 0 0 0 0 0 0 0 0 0 0 
1792 10 0 0 0 0 0 0 0 0 0 0 0 
1793 10 0 0 0 0 0 0 0 0 0 0 0 
1794 10 0 0 0 0 0 0 0 0 0 0 0 
1795 10 0 0 0 0 0 0 0 0 0 0 0 
1796 10 0 0 0 0 0 0 0 0 0 0 0 
1797 10 0 0 0 0 0 0 0 0 0 0 0 
1798 10 0 0 0 0 0 0 0 0 0 0 0 
1799 10 0 0 0 0 0 0 0 0 0 0 0 
1800 10 0 0 0 0 0 0 0 0 0 0 0 
1801 10 0 0 0 0 0 0 0 0 0 0 0 
1802 10 0 0 0 0 0 0 0 0 0 0 0 
1803 10 0 0 0 0 0 0 0 0 0 0 0 
1804 10 0 0 0 0 0 0 0 0 0 0 0 
1805 10 0 0 0 0 0 0 0 0 0 0 0 
1806 10 0 0 0 0 0 0 0 0 0 0 0 
1807 10 0 0 0 0 0 0 0 0 0 0 0 
1808 10 0 0 0 0 0 0 0 0 0 0 0 
1809 10 0 0 0 0 0 0 0 0 0 0 0 
1810 10 0 0 0 0 0 0 0 0 0 0 0 
1811 10 0 0 0 0 0 0 0 0 0 0 0 
1812 10 0 0 0 0 0 0 0 0 0 0 0 
1813 10 0 0 0 0 0 0 0 0 0 0 0 
1814 10 0 0 0 0 0 0 0 0 0 0 0 
1815 10 0 0 0 0 0 0 0 0 0 0 0 
1816 10 0 0 0 0 0 0 0 0 0 0 0 
1817 10 0 0 0 0 0 0 0 0 0 0 0 
1818 10 0 0 0 0 0 0 0 0 0 0 0 
1819 10 0 0 0 0 0 0 0 0 0 0 0 
1820 10 0 0 0 0 0 0 0 0 0 0 0 
1821 10 0 0 0 0 0 0 0 0 0 0 0 
1822 10 0 0 0 0 0 0 0 0 0 0 0 
1823 10 0 0 0 0 0 0 0 0 0 0 0 
1824 10 0 0 0 0 0 0 0 0 0 0 0 
1825 10 0 0 0 0 0 0 0 0 0 0 0 
1826 10 0 0 0 0 0 0 0 0 0 0 0 
1827 10 0 0 0 0 0 0 0 0 0 0 0 
1828 10 0 0 0 0 0 0 0 0 0 0 0 
1829 10 0 0 0 0 0 0 0 0 0 0 0 
1830 10 0 0 0 0 0 0 0 0 0 0 0 
1831 10 0 0 0 0 0 0 0 0 0 0 0 
1832 10 0 0 0 0 0 0 0 0 0 0 0 
1833 10 0 0 0 0 0 0 0 0 0 0 0 
1834 10 0 0 0 0 0 0 0 0 0 0 0 
1835 10 0 0 0 0 0 0 0 0 0 0 0 
1836 10 0 0 0 0 0 0 0 0 0 0 0 
1837 10 0 0 0 0 0 0 0 0 0 0 0 
1838 10 0 0 0 0 0 0 0 0 0 0 0 
1839 10 0 0 0 0 0 0 0 0 0 0 0 
1840 10 0 0 0 0 0 0 0 0 0 0 0 
1841 10 0 0 0 0 0 0 0 0 0 0 0 
1842 10 0 0 0 0 0 0 0 0 0 0 0 
1843 10 0 0 0 0 0 0 0 0 0 0 0 
1844 10 0 0 0 0 0 0 0 0 0 0 0 
1845 10 0 0 0 0 0 0 0 0 0 0 0 
1846 10 0 0 0 0 0 0 0 0 0 0 0 
1847 10 0 0 0 0 0 0 0 0 0 0 0 
1848 10 0 0 0 0 0 0 0 0 0 0 0 
1849 10 0 0 0 0 0 0 0 0 0 0 0 
1850 10 0 0 0 0 0 0 0 0 0 0 0 
1851 10 0 0 0 0 0 0 0 0 0 0 0 
1852 10 0 0 0 0 0 0 0 0 0 0 0 
1853 10 0 0 0 0 0 0 0 0 0 0 0 
1854 10 0 0 0 0 0 0 0 0 0 0 0 
1855 10 0 0 0 0 0 0 0 0 0 0 0 
1856 10 0 0 0 0 0 0 0 0 0 0 0 
1857 10 0 0 0 0 0 0 0 0 0 0 0 
1858 10 0 0 0 0 0 0 0 0 0 0 0 
1859 10 0 0 0 0 0 0 0 0 0 0 0 
1860 10 0 0 0 0 0 0 0 0 0 0 0 
1861 10 0 0 0 0 0 0 0 0 0 0 0 
1862 10 0 0 0 0 0 0 0 0 0 0 0 
1863 10 0 0 0 0 0 0 0 0 0 0 0 
1864 10 0 0 0 0 0 0 0 0 0 0 0 
1865 10 0 0 0 0 0 0 0 0 0 0 0 
1866 10 0 0 0 0 0 0 0 0 0 0 0 
1867 10 0 0 0 0 0 0 0 0 0 0 0 
1868 10 0 0 0 0 0 0 0 0 0 0 0 
1869 10 0 0 0 0 0 0 0 0 0 0 0 
1870 10 0 0 0 0 0 0 0 0 0 0 0 
1871 10 0 0 0 0 0 0 0 0 0 0 0 
1872 10 0 0 0 0 0 0 0 0 0 0 0 
1873 10 0 0 0 0 0 0 0 0 0 0 0 
1874 10 0 0 0 0 0 0 0 0 0 0 0 
1875 10 0 0 0 0 0 0 0 0 0 0 0 
1876 10 0 0 0 0 0 0 0 0 0 0 0 
1877 10 0 0 0 0 0 0 0 0 0 0 0 
1878 10 0 0 0 0 0 0 0 0 0 0 0 
1879 10 0 0 0 0 0 0 0 0 0 0 0 
1880 10 0 0 0 0 0 0 0 0 0 0 0 
1881 10 0 0 0 0 0 0 0 0 0 0 0 
1882 10 0 0 0 0 0 0 0 0 0 0 0 
1883 10 0 0 0 0 0 0 0 0 0 0 0 
1884 10 0 0 0 0 0 0 0 0 0 0 0 
1885 10 0 0 0 0 0 0 0 0 0 0 0 
1886 10 0 0 0 0 0 0 0 0 0 0 0 
1887 10 0 0 0 0 0 0 0 0 0 0 0 
1888 10 0 0 0 0 0 0 0 0 0 0 0 
1889 10 0 0 0 0 0 0 0 0 0 0 0 
1890 10 0 0 0 0 0 0 0 0 0 0 0 
1891 10 0 0 0 0 0 0 0 0 0 0 0 
1892 10 0 0 0 0 0 0 0 0 0 0 0 
1893 10 0 0 0 0 0 0 0 0 0 0 0 
1894 10 0 0 0 0 0 0 0 0 0 0 0 
1895 10 0 0 0 0 0 0 0 0 0 0 0 
1896 10 0 0 0 0 0 0 0 0 0 0 0 
1897 10 0 0 0 0 0 0 0 0 0 0 0 
1898 10 0 0 0 0 0 0 0 0 0 0 0 
1899 10 0 0 0 0 0 0 0 0 0 0 0 
1900 10 0 0 0 0 0 0 0 0 0 0 0 
1901 10 0 0 0 0 0 0 0 0 0 0 0 
1902 10 0 0 0 0 0 0 0 0 0 0 0 
1903 10 0 0 0 0 0 0 0 0 0 0 0 
1904 10 0 0 0 0 0 0 0 0 0 0 0 
1905 10 0 0 0 0 0 0 0 0 0 0 0 
1906 10 0 0 0 0 0 0 0 0 0 0 0 
1907 10 0 0 0 0 0 0 0 0 0 0 0 
1908 10 0 0 0 0 0 0 0 0 0 0 0 
1909 10 0 0 0 0 0 0 0 0 0 0 0 
1910 10 0 0 0 0 0 0 0 0 0 0 0 
1911 10 0 0 0 0 0 0 0 0 0 0 0 
1912 10 0 0 0 0 0 0 0 0 0 0 0 
1913 10 0 0 0 0 0 0 0 0 0 0 0 
1914 10 0 0 0 0 0 0 0 0 0 0 0 
1915 10 0 0 0 0 0 0 0 0 0 0 0 
1916 10 0 0 0 0 0 0 0 0 0 0 0 
1917 10 0 0 0 0 0 0 0 0 0 0 0 
1918 10 0 0 0 0 0 0 0 0 0 0 0 
1919 10 0 0 0 0 0 0 0 0 0 0 0 
1920 10 0 0 0 0 0 0 0 0 0 0 0 
1921 10 0 0 0 0 0 0 0 0 0 0 0 
1922 10 0 0 0 0 0 0 0 0 0 0 0 
1923 10 0 0 0 0 0 0 0 0 0 0 0 
1924 10 0 0 0 0 0 0 0 0 0 0 0 
1925 10 0 0 0 0 0 0 0 0 0 0 0 
1926 10 0 0 0 0 0 0 0 0 0 0 0 
1927 10 0 0 0 0 0 0 0 0 0 0 0 
1928 10 0 0 0 0 0 0 0 0 0 0 0 
1929 10 0 0 0 0 0 0 0 0 0 0 0 
1930 10 0 0 0 0 0 0 0 0 0 0 0 
1931 10 0 0 0 0 0 0 0 0 0 0 0 
1932 10 0 0 0 0 0 0 0 0 0 0 0 
1933 10 0 0 0 0 0 0 0 0 0 0 0 
1934 10 0 0 0 0 0 0 0 0 0 0 0 
1935 10 0 0 0 0 0 0 0 0 0 0 0 
1936 10 0 0 0 0 0 0 0 0 0 0 0 
1937 10 0 0 0 0 0 0 0 0 0 0 0 
1938 10 0 0 0 0 0 0 0 0 0 0 0 
1939 10 0 0 0 0 0 0 0 0 0 0 0 
1940 10 0 0 0 0 0 0 0 0 0 0 0 
1941 10 0 0 0 0 0 0 0 0 0 0 0 
1942 10 0 0 0 0 0 0 0 0 0 0 0 
1943 10 0 0 0 0 0 0 0 0 0 0 0 
1944 10 0 0 0 0 0 0 0 0 0 0 0 
1945 10 0 0 0 0 0 0 0 0 0 0 0 
1946 10 0 0 0 0 0 0 0 0 0 0 0 
1947 10 0 0 0 0 0 0 0 0 0 0 0 
1948 10 0 0 0 0 0 0 0 0 0 0 0 
1949 10 0 0 0 0 0 0 0 0 0 0 0 
1950 10 0 0 0 0 0 0 0 0 0 0 0 
1951 10 0 0 0 0 0 0 0 0 0 0 0 
1952 10 0 0 0 0 0 0 0 0 0 0 0 
1953 10 0 0 0 0 0 0 0 0 0 0 0 
1954 10 0 0 0 0 0 0 0 0 0 0 0 
1955 10 0 0 0 0 0 0 0 0 0 0 0 
1956 10 0 0 0 0 0 0 0 0 0 0 0 
1957 10 0 0 0 0 0 0 0 0 0 0 0 
1958 10 0 0 0 0 0 0 0 0 0 0 0 
1959 10 0 0 0 0 0 0 0 0 0 0 0 
1960 10 0 0 0 0 0 0 0 0 0 0 0 
1961 10 0 0 0 0 0 0 0 0 0 0 0 
1962 10 0 0 0 0 0 0 0 0 0 0 0 
1963 10 0 0 0 0 0 0 0 0 0 0 0 
1964 10 0 0 0 0 0 0 0 0 0 0 0 
1965 10 0 0 0 0 0 0 0 0 0 0 0 
1966 10 0 0 0 0 0 0 0 0 0 0 0 
1967 10 0 0 0 0 0 0 0 0 0 0 0 
1968 10 0 0 0 0 0 0 0 0 0 0 0 
1969 10 0 0 0 0 0 0 0 0 0 0 0 
1970 10 0 0 0 0 0 0 0 0 0 0 0 
1971 10 0 0 0 0 0 0 0 0 0 0 0 
1972 10 0 0 0 0 0 0 0 0 0 0 0 
1973 10 0 0 0 0 0 0 0 0 0 0 0 
1974 10 0 0 0 0 0 0 0 0 0 0 0 
1975 10 0 0 0 0 0 0 0 0 0 0 0 
1976 10 0 0 0 0 0 0 0 0 0 0 0 
1977 10 0 0 0 0 0 0 0 0 0 0 0 
1978 10 0 0 0 0 0 0 0 0 0 0 0 
1979 10 0 0 0 0 0 0 0 0 0 0 0 
1980 10 0 0 0 0 0 0 0 0 0 0 0 
1981 10 0 0 0 0 0 0 0 0 0 0 0 
1982 10 0 0 0 0 0 0 0 0 0 0 0 
1983 10 0 0 0 0 0 0 0 0 0 0 0 
1984 10 0 0 0 0 0 0 0 0 0 0 0 
1985 10 0 0 0 0 0 0 0 0 0 0 0 
1986 10 0 0 0 0 0 0 0 0 0 0 0 
1987 10 0 0 0 0 0 0 0 0 0 0 0 
1988 10 0 0 0 0 0 0 0 0 0 0 0 
1989 10 0 0 0 0 0 0 0 0 0 0 0 
1990 10 0 0 0 0 0 0 0 0 0 0 0 
1991 10 0 0 0 0 0 0 0 0 0 0 0 
1992 10 0 0 0 0 0 0 0 0 0 0 0 
1993 10 0 0 0 0 0 0 0 0 0 0 0 
1994 10 0 0 0 0 0 0 0 0 0 0 0 
1995 10 0 0 0 0 0 0 0 0 0 0 0 
1996 10 0 0 0 0 0 0 0 0 0 0 0 
1997 10 0 0 0 0 0 0 0 0 0 0 0 
1998 10 0 0 0 0 0 0 0 0 0 0 0 
1999 10 0 0 0 0 0 0 0 0 0 0 0 
2000 10 0 0 0 0 0 0 0 0 0 0 0 
2001 10 0 0 0 0 0 0 0 0 0 0 0 
2002 10 0 0 0 0 0 0 0 0 0 0 0 
2003 10 0 0 0 0 0 0 0 0 0 0 0 
2004 10 0 0 0 0 0 0 0 0 0 0 0 
2005 10 0 0 0 0 0 0 0 0 0 0 0 
2006 10 0 0 0 0 0 0 0 0 0 0 0 
2007 10 0 0 0 0 0 0 0 0 0 0 0 
2008 10 0 0 0 0 0 0 0 0 0 0 0 
2009 10 0 0 0 0 0 0 0 0 0 0 0 
2010 10 0 0 0 0 0 0 0 0 0 0 0 
2011 10 0 0 0 0 0 0 0 0 0 0 0 
2012 10 0 0 0 0 0 0 0 0 0 0 0 
2013 10 0 0 0 0 0 0 0 0 0 0 0 
2014 10 0 0 0 0 0 0 0 0 0 0 0 
2015 10 0 0 0 0 0 0 0 0 0 0 0 
2016 10 0 0 0 0 0 0 0 0 0 0 0 
2017 10 0 0 0 0 0 0 0 0 0 0 0 
2018 10 0 0 0 0 0 0 0 0 0 0 0 
2019 10 0 0 0 0 0 0 0 0 0 0 0 
2020 10 0 0 0 0 0 0 0 0 0 0 0 
2021 10 0 0 0 0 0 0 0 0 0 0 0 
2022 10 0 0 0 0 0 0 0 0 0 0 0 
2023 10 0 0 0 0 0 0 0 0 0 0 0 
2024 10 0 0 0 0 0 0 0 0 0 0 0 
2025 10 0 0 0 0 0 0 0 0 0 0 0 
2026 10 0 0 0 0 0 0 0 0 0 0 0 
2027 10 0 0 0 0 0 0 0 0 0 0 0 
2028 10 0 0 0 0 0 0 0 0 0 0 0 
2029 10 0 0 0 0 0 0 0 0 0 0 0 
2030 10 0 0 0 0 0 0 0 0 0 0 0 
2031 10 0 0 0 0 0 0 0 0 0 0 0 
2032 10 0 0 0 0 0 0 0 0 0 0 0 
2033 10 0 0 0 0 0 0 0 0 0 0 0 
2034 10 0 0 0 0 0 0 0 0 0 0 0 
2035 10 0 0 0 0 0 0 0 0 0 0 0 
2036 10 0 0 0 0 0 0 0 0 0 0 0 
2037 10 0 0 0 0 0 0 0 0 0 0 0 
2038 10 0 0 0 0 0 0 0 0 0 0 0 
2039 10 0 0 0 0 0 0 0 0 0 0 0 
2040 10 0 0 0 0 0 0 0 0 0 0 0 
2041 10 0 0 0 0 0 0 0 0 0 0 0 
2042 10 0 0 0 0 0 0 0 0 0 0 0 
2043 10 0 0 0 0 0 0 0 0 0 0 0 
2044 10 0 0 0 0 0 0 0 0 0 0 0 
2045 10 0 0 0 0 0 0 0 0 0 0 0 
2046 10 0 0 0 0 0 0 0 0 0 0 0 

0 3 1 0 spray 0.0348837 16 -1 -37 113.619 42.3746 349.173 -1 52 245.011 51.5766 190.294 -19 -1 245.011 51.5766 190.294 -1 70 245.011 51.5766 190.294 -1 -55 245.011 51.5766 190.294 16 88 106.595 58.1803 226.124 -1 52 106.595 58.1803 226.124 16 -37 245.011 51.5766 190.294 -38 70 106.595 58.1803 226.124 52 34 50.8996 101.778 206.253 88 16 245.011 51.5766 190.294 16 -74 245.011 51.5766 190.294 52 -92 245.011 51.5766 190.294 -1 89 356.596 204.709 333.077 70 34 50.8996 101.778 206.253 34 -74 245.011 51.5766 190.294 
1 3 1 0 spray 0.692308 3 52 88 245.011 51.5766 190.294 165 146 239.331 174.05 149.702 -130 -75 79.5465 19.3421 141.598 
2 3 1 0 spray 0.9 3 -92 -20 207.258 206.685 359.749 126 89 50.8996 101.778 206.253 -38 125 356.596 204.709 333.077 
3 3 1 0 spray 0.25 1 -56 53 106.595 58.1803 226.124 
4 3 1 0 spray 0.142857 2 200 53 262.785 102.196 337.538 -56 71 106.595 58.1803 226.124 
5 3 1 0 spray 0.125 1 -168 -150 36.1838 169.639 151.085 
6 3 1 0 spray 0.166667 1 -76 165 108.205 18.8663 259.228 
7 3 1 0 spray 0.214286 2 -38 -38 79.5465 19.3421 141.598 -131 109 159.68 2.62583 149.874 
8 3 1 0 spray 0.679012 55 -1 91 159.68 2.62583 149.874 91 16 295.18 321.454 269.603 128 166 239.331 174.05 149.702 -20 16 79.5465 19.3421 141.598 -114 -132 100.24 253.509 287.155 -76 35 20.2757 50.3843 250.148 91 166 239.331 174.05 149.702 35 185 227.696 18.1365 145.942 -170 -114 38.7509 111.094 14.0672 -57 16 20.2757 50.3843 250.148 -1 72 159.68 2.62583 149.874 91 -169 335.993 168.557 179.22 73 16 190.397 72.4149 56.0344 -1 73 40.1851 195.278 331.954 -114 -152 100.24 253.509 287.155 -20 -20 100.24 253.509 287.155 -39 -39 100.24 253.509 287.155 -169 54 71.4384 3.78291 257.022 110 147 239.331 174.05 149.702 91 -76 145.399 161.351 55.497 110 54 262.785 102.196 337.538 73 -1 295.18 321.454 269.603 -39 -1 20.2757 50.3843 250.148 -1 109 50.8996 101.778 206.253 -1 -20 20.2757 50.3843 250.148 -57 128 108.205 18.8663 259.228 16 185 33.9477 359.874 57.5556 -95 -95 38.7509 111.094 14.0672 16 72 40.1851 195.278 331.954 -39 129 108.205 18.8663 259.228 91 -188 335.993 168.557 179.22 73 -76 145.399 161.351 55.497 -20 -20 20.2757 50.3843 250.148 166 -58 115.821 148.306 279.344 110 128 239.331 174.05 149.702 -151 35 71.4384 3.78291 257.022 -58 -1 71.4384 3.78291 257.022 129 -39 295.18 321.454 269.603 110 -114 145.399 161.351 55.497 110 -39 115.821 148.306 279.344 -1 91 50.8996 101.778 206.253 16 -39 160.593 182.085 21.1124 -131 91 159.68 2.62583 149.874 -20 -1 207.258 206.685 359.749 92 -39 295.18 321.454 269.603 128 72 262.785 102.196 337.538 73 -95 145.399 161.351 55.497 129 -133 160.593 182.085 21.1124 91 110 239.331 174.05 149.702 -39 -39 20.2757 50.3843 250.148 -76 -189 36.1838 169.639 151.085 16 -57 160.593 182.085 21.1124 -57 -39 20.2757 50.3843 250.148 73 -114 145.399 161.351 55.497 -20 -58 20.2757 50.3843 250.148 
9 3 1 0 spray 0.947368 6 -58 -39 71.4384 3.78291 257.022 109 -132 160.593 182.085 21.1124 -39 54 159.68 2.62583 149.874 -1 -57 160.593 182.085 21.1124 -113 -132 79.5465 19.3421 141.598 -187 -20 20.2757 50.3843 250.148 
10 3 1 0 spray 0.733333 22 -38 89 356.596 204.709 333.077 -56 -20 207.258 206.685 359.749 106 70 50.8996 101.778 206.253 71 89 40.1851 195.278 331.954 -93 -93 79.5465 19.3421 141.598 52 107 227.696 18.1365 145.942 -111 -93 207.258 206.685 359.749 16 125 106.595 58.1803 226.124 71 107 50.8996 101.778 206.253 -93 -74 79.5465 19.3421 141.598 16 108 50.8996 101.778 206.253 34 126 106.595 58.1803 226.124 16 125 356.596 204.709 333.077 -57 -75 63.0246 283.695 299.48 -112 -1 20.2757 50.3843 250.148 -148 16 20.2757 50.3843 250.148 -93 108 159.68 2.62583 149.874 -57 90 159.68 2.62583 149.874 -56 -38 79.5465 19.3421 141.598 -56 108 159.68 2.62583 149.874 -93 -130 63.0246 283.695 299.48 -56 126 159.68 2.62583 149.874 
11 3 1 0 spray 0.846154 33 34 144 50.8996 101.778 206.253 -93 127 159.68 2.62583 149.874 53 201 33.9477 359.874 57.5556 -38 -57 63.0246 283.695 299.48 107 34 190.397 72.4149 56.0344 -57 -20 79.5465 19.3421 141.598 -168 35 20.2757 50.3843 250.148 -75 -20 79.5465 19.3421 141.598 34 145 106.595 58.1803 226.124 -94 -1 20.2757 50.3843 250.148 16 163 356.596 204.709 333.077 201 90 239.331 174.05 149.702 -93 -112 63.0246 283.695 299.48 108 108 356.596 204.709 333.077 -75 145 159.68 2.62583 149.874 126 90 356.596 204.709 333.077 71 126 50.8996 101.778 206.253 108 108 40.1851 195.278 331.954 183 53 138.582 247.447 250.147 89 34 190.397 72.4149 56.0344 -20 164 227.696 18.1365 145.942 -168 -168 36.1838 169.639 151.085 -20 90 159.68 2.62583 149.874 -20 -57 63.0246 283.695 299.48 165 128 239.331 174.05 149.702 -112 -149 38.7509 111.094 14.0672 -38 -20 79.5465 19.3421 141.598 -168 16 71.4384 3.78291 257.022 -20 -57 100.24 253.509 287.155 -38 72 159.68 2.62583 149.874 16 165 227.696 18.1365 145.942 109 -94 160.593 182.085 21.1124 -76 16 20.2757 50.3843 250.148 
12 3 1 0 spray 0.45 3 -75 90 159.68 2.62583 149.874 -112 90 159.68 2.62583 149.874 126 16 190.397 72.4149 56.0344 
13 3 1 0 spray 0.666667 2 -59 17 212.14 144.546 61.9073 -115 -115 100.24 253.509 287.155 
14 3 1 0 spray 0.96 24 155 -80 159.68 2.62583 149.874 110 147 50.8996 101.778 206.253 -100 -1 40.1851 195.278 331.954 -40 -1 100.24 253.509 287.155 17 113 212.14 144.546 61.9073 -115 -77 212.14 144.546 61.9073 -39 74 40.1851 195.278 331.954 -1 148 50.8996 101.778 206.253 -1 75 212.14 144.546 61.9073 -77 -58 63.0246 283.695 299.48 130 -115 337.436 333.451 243.894 -81 -121 106.595 58.1803 226.124 -188 35 71.4384 3.78291 257.022 128 91 262.785 102.196 337.538 -40 94 36.1838 169.639 151.085 53 165 33.9477 359.874 57.5556 185 54 40.1851 195.278 331.954 212 -79 71.4384 3.78291 257.022 191 17 278.14 142.602 350.518 -77 -115 36.1838 169.639 151.085 -152 -114 211.937 348.496 7.11537 17 74 108.205 18.8663 259.228 -213 -1 20.2757 50.3843 250.148 -77 -1 106.595 58.1803 226.124 
15 3 1 0 spray 0.804182 141 75 191 63.0246 283.695 299.48 115 193 100.24 253.509 287.155 -77 186 159.68 2.62583 149.874 191 -40 103.356 132.539 65.0265 -79 -1 244.952 328.924 154.379 -80 17 40.1851 195.278 331.954 -136 170 159.68 2.62583 149.874 194 -119 159.68 2.62583 149.874 -99 36 190.397 72.4149 56.0344 92 149 262.785 102.196 337.538 -79 192 335.993 168.557 179.22 -180 136 160.593 182.085 21.1124 -140 37 190.397 72.4149 56.0344 -94 165 108.205 18.8663 259.228 -1 184 106.595 58.1803 226.124 -80 37 262.785 102.196 337.538 73 54 190.397 72.4149 56.0344 -1 36 14.9687 66.4123 277.824 -98 36 239.331 174.05 149.702 95 134 244.952 328.924 154.379 -1 211 335.993 168.557 179.22 54 54 262.785 102.196 337.538 91 166 50.8996 101.778 206.253 -117 94 115.821 148.306 279.344 -158 -41 138.582 247.447 250.147 -161 -1 40.1851 195.278 331.954 -40 17 138.582 247.447 250.147 129 16 115.821 148.306 279.344 209 75 16.4147 20.0493 279.369 -40 17 16.4147 20.0493 279.369 76 -41 159.68 2.62583 149.874 -115 169 159.68 2.62583 149.874 -97 74 71.4384 3.78291 257.022 -140 136 335.993 168.557 179.22 133 153 211.937 348.496 7.11537 -132 147 108.205 18.8663 259.228 -59 36 190.397 72.4149 56.0344 -229 36 141.087 95.618 276.027 36 55 337.436 333.451 243.894 117 -101 159.68 2.62583 149.874 -21 17 151.04 186.212 86.6057 -78 36 151.04 186.212 86.6057 -40 93 68.8248 212.5 264.348 17 174 211.937 348.496 7.11537 17 17 151.04 186.212 86.6057 92 -1 151.04 186.212 86.6057 -1 208 337.436 333.451 243.894 -119 154 335.993 168.557 179.22 73 186 227.696 18.1365 145.942 -210 74 151.04 186.212 86.6057 -1 36 160.593 182.085 21.1124 57 117 79.5465 19.3421 141.598 73 35 115.821 148.306 279.344 111 -58 145.399 161.351 55.497 -21 36 71.4384 3.78291 257.022 -190 73 103.356 132.539 65.0265 17 73 239.331 174.05 149.702 187 54 244.952 328.924 154.379 -39 187 11.4196 157.037 90.8225 -135 -20 16.4147 20.0493 279.369 36 17 16.4147 20.0493 279.369 -98 -21 138.582 247.447 250.147 -1 17 262.785 102.196 337.538 16 73 159.68 2.62583 149.874 36 36 190.397 72.4149 56.0344 -21 17 103.356 132.539 65.0265 -77 -77 211.937 348.496 7.11537 -59 -1 138.582 247.447 250.147 55 36 138.582 247.447 250.147 148 -1 115.821 148.306 279.344 -58 -1 212.14 144.546 61.9073 36 -1 145.399 161.351 55.497 -134 -115 212.14 144.546 61.9073 -209 35 141.087 95.618 276.027 74 -1 278.14 142.602 350.518 17 17 262.785 102.196 337.538 -134 150 159.68 2.62583 149.874 -97 17 190.397 72.4149 56.0344 73 54 262.785 102.196 337.538 73 54 141.087 95.618 276.027 36 -1 278.14 142.602 350.518 55 17 337.436 333.451 243.894 36 -1 103.356 132.539 65.0265 -190 73 14.9687 66.4123 277.824 -1 55 239.331 174.05 149.702 55 -20 145.399 161.351 55.497 169 -58 103.356 132.539 65.0265 173 -60 20.2757 50.3843 250.148 54 92 239.331 174.05 149.702 -20 36 295.18 321.454 269.603 73 -1 337.436 333.451 243.894 -77 55 14.9687 66.4123 277.824 -20 16 20.2757 50.3843 250.148 -1 17 278.14 142.602 350.518 -172 111 159.68 2.62583 149.874 35 35 115.821 148.306 279.344 17 -1 103.356 132.539 65.0265 -20 -1 16.4147 20.0493 279.369 92 -58 145.399 161.351 55.497 113 113 244.952 328.924 154.379 149 -58 103.356 132.539 65.0265 -193 55 20.2757 50.3843 250.148 -211 36 14.9687 66.4123 277.824 114 133 211.937 348.496 7.11537 -1 35 141.087 95.618 276.027 17 54 239.331 174.05 149.702 -39 168 11.4196 157.037 90.8225 73 16 115.821 148.306 279.344 -39 -1 212.14 144.546 61.9073 -117 -1 190.397 72.4149 56.0344 -58 35 14.9687 66.4123 277.824 186 35 16.4147 20.0493 279.369 129 -39 151.04 186.212 86.6057 149 -96 14.9687 66.4123 277.824 -171 73 14.9687 66.4123 277.824 -134 -134 212.14 144.546 61.9073 -190 -58 16.4147 20.0493 279.369 -95 -77 38.7509 111.094 14.0672 17 -1 160.593 182.085 21.1124 91 35 141.087 95.618 276.027 73 35 141.087 95.618 276.027 -1 -1 71.4384 3.78291 257.022 36 74 63.0246 283.695 299.48 -1 36 244.952 328.924 154.379 94 94 244.952 328.924 154.379 54 16 115.821 148.306 279.344 168 -77 103.356 132.539 65.0265 -155 -78 138.582 247.447 250.147 129 -76 68.8248 212.5 264.348 16 -20 20.2757 50.3843 250.148 35 16 295.18 321.454 269.603 110 -39 151.04 186.212 86.6057 35 -20 134.482 97.9272 100.738 167 -114 68.8248 212.5 264.348 73 -58 145.399 161.351 55.497 -77 35 14.9687 66.4123 277.824 -1 17 295.18 321.454 269.603 -95 -39 16.4147 20.0493 279.369 36 -78 108.205 18.8663 259.228 36 55 100.24 253.509 287.155 -152 -58 16.4147 20.0493 279.369 
16 3 1 0 spray 0.7 63 75 133 211.937 348.496 7.11537 91 -58 160.593 182.085 21.1124 149 -77 103.356 132.539 65.0265 -100 -80 33.9477 359.874 57.5556 35 -20 160.593 182.085 21.1124 35 -1 68.8248 212.5 264.348 17 36 244.952 328.924 154.379 -20 -1 14.9687 66.4123 277.824 -39 -20 212.14 144.546 61.9073 -58 -39 138.582 247.447 250.147 17 35 63.0246 283.695 299.48 16 -20 160.593 182.085 21.1124 -1 148 11.4196 157.037 90.8225 186 16 141.087 95.618 276.027 91 -58 68.8248 212.5 264.348 -116 -78 138.582 247.447 250.147 -39 -1 71.4384 3.78291 257.022 129 -95 68.8248 212.5 264.348 54 -39 151.04 186.212 86.6057 73 -58 103.356 132.539 65.0265 111 -58 151.04 186.212 86.6057 73 110 239.331 174.05 149.702 36 -20 138.582 247.447 250.147 -20 -39 138.582 247.447 250.147 112 74 244.952 328.924 154.379 149 -96 103.356 132.539 65.0265 149 -77 151.04 186.212 86.6057 -155 -136 244.952 328.924 154.379 -1 -20 160.593 182.085 21.1124 55 -39 207.258 206.685 359.749 -96 -77 138.582 247.447 250.147 -39 130 11.4196 157.037 90.8225 149 54 244.952 328.924 154.379 16 16 63.0246 283.695 299.48 -133 35 14.9687 66.4123 277.824 35 -58 145.399 161.351 55.497 -171 35 14.9687 66.4123 277.824 -1 132 335.993 168.557 179.22 -96 -115 212.14 144.546 61.9073 -58 -114 36.1838 169.639 151.085 36 74 335.993 168.557 179.22 148 -133 68.8248 212.5 264.348 -20 111 108.205 18.8663 259.228 -20 -58 138.582 247.447 250.147 -77 -1 14.9687 66.4123 277.824 92 -39 115.821 148.306 279.344 -39 -1 50.8996 101.778 206.253 -152 35 14.9687 66.4123 277.824 -95 -77 16.4147 20.0493 279.369 -20 -58 16.4147 20.0493 279.369 -77 -77 16.4147 20.0493 279.369 -58 -77 138.582 247.447 250.147 -20 149 33.9477 359.874 57.5556 17 17 337.436 333.451 243.894 111 -58 115.821 148.306 279.344 -58 -77 212.14 144.546 61.9073 17 94 36.1838 169.639 151.085 -79 -137 134.482 97.9272 100.738 54 -58 68.8248 212.5 264.348 -1 16 159.68 2.62583 149.874 -39 -77 138.582 247.447 250.147 74 17 244.952 328.924 154.379 -40 94 335.993 168.557 179.22 
17 3 1 0 spray 0.387097 4 171 75 278.14 142.602 350.518 154 -100 159.68 2.62583 149.874 -250 17 141.087 95.618 276.027 -198 -41 190.397 72.4149 56.0344 
18 3 1 0 spray 0.923077 4 -21 -21 115.821 148.306 279.344 -173 93 145.399 161.351 55.497 -40 17 245.011 51.5766 190.294 -40 55 227.696 18.1365 145.942 
19 3 1 0 spray 0.771429 18 248 17 278.14 142.602 350.518 -95 -132 38.7509 111.094 14.0672 55 -40 262.785 102.196 337.538 -79 -79 244.952 328.924 154.379 204 35 16.4147 20.0493 279.369 76 -198 108.205 18.8663 259.228 75 75 63.0246 283.695 299.48 151 17 16.4147 20.0493 279.369 -39 -39 14.9687 66.4123 277.824 17 -58 20.2757 50.3843 250.148 -1 -58 16.4147 20.0493 279.369 36 -20 20.2757 50.3843 250.148 -1 -77 138.582 247.447 250.147 55 -21 20.2757 50.3843 250.148 -20 -58 71.4384 3.78291 257.022 -20 -20 14.9687 66.4123 277.824 -80 155 337.436 333.451 243.894 17 17 108.205 18.8663 259.228 
20 3 1 0 spray 0.882353 165 149 -1 141.087 95.618 276.027 -40 -1 278.14 142.602 350.518 -213 94 295.18 321.454 269.603 73 -1 262.785 102.196 337.538 -154 -97 138.582 247.447 250.147 -21 -1 278.14 142.602 350.518 -97 74 115.821 148.306 279.344 -40 17 239.331 174.05 149.702 -39 55 40.1851 195.278 331.954 17 17 190.397 72.4149 56.0344 -155 -1 141.087 95.618 276.027 74 -59 14.9687 66.4123 277.824 17 -1 190.397 72.4149 56.0344 169 -20 141.087 95.618 276.027 -59 17 278.14 142.602 350.518 -59 17 115.821 148.306 279.344 -40 17 278.14 142.602 350.518 -98 -1 151.04 186.212 86.6057 73 -1 141.087 95.618 276.027 187 -1 141.087 95.618 276.027 36 -40 115.821 148.306 279.344 -1 -21 278.14 142.602 350.518 17 -21 244.952 328.924 154.379 74 -59 295.18 321.454 269.603 -115 -115 138.582 247.447 250.147 54 -1 141.087 95.618 276.027 36 36 100.24 253.509 287.155 -20 17 40.1851 195.278 331.954 -78 17 141.087 95.618 276.027 151 -117 151.04 186.212 86.6057 112 -78 14.9687 66.4123 277.824 93 36 16.4147 20.0493 279.369 -59 36 239.331 174.05 149.702 -97 -21 190.397 72.4149 56.0344 -20 -59 14.9687 66.4123 277.824 -135 55 278.14 142.602 350.518 -97 -21 278.14 142.602 350.518 -154 55 278.14 142.602 350.518 17 36 212.14 144.546 61.9073 -1 -59 151.04 186.212 86.6057 -21 -21 190.397 72.4149 56.0344 -1 -21 244.952 328.924 154.379 36 74 211.937 348.496 7.11537 17 -59 14.9687 66.4123 277.824 17 -40 295.18 321.454 269.603 -155 74 295.18 321.454 269.603 -97 74 278.14 142.602 350.518 -1 93 36.1838 169.639 151.085 75 -21 20.2757 50.3843 250.148 -21 171 335.993 168.557 179.22 -40 36 115.821 148.306 279.344 17 74 212.14 144.546 61.9073 -40 36 278.14 142.602 350.518 -21 -1 103.356 132.539 65.0265 -20 55 115.821 148.306 279.344 -97 17 151.04 186.212 86.6057 -136 -1 278.14 142.602 350.518 -1 -1 212.14 144.546 61.9073 -40 -40 190.397 72.4149 56.0344 -117 -59 244.952 328.924 154.379 -59 17 103.356 132.539 65.0265 -116 55 278.14 142.602 350.518 74 -40 71.4384 3.78291 257.022 -40 74 68.8248 212.5 264.348 -174 -1 278.14 142.602 350.518 -193 131 115.821 148.306 279.344 -97 36 141.087 95.618 276.027 -155 94 115.821 148.306 279.344 74 36 16.4147 20.0493 279.369 -59 -1 239.331 174.05 149.702 -21 -21 103.356 132.539 65.0265 -40 17 115.821 148.306 279.344 75 113 211.937 348.496 7.11537 210 -1 278.14 142.602 350.518 94 -40 71.4384 3.78291 257.022 -21 -1 40.1851 195.278 331.954 -1 151 335.993 168.557 179.22 113 113 211.937 348.496 7.11537 210 -59 278.14 142.602 350.518 -21 113 36.1838 169.639 151.085 36 113 36.1838 169.639 151.085 -98 17 239.331 174.05 149.702 171 -40 278.14 142.602 350.518 92 -58 295.18 321.454 269.603 229 17 278.14 142.602 350.518 -59 113 335.993 168.557 179.22 75 -40 20.2757 50.3843 250.148 94 -59 71.4384 3.78291 257.022 75 94 211.937 348.496 7.11537 -98 -40 239.331 174.05 149.702 229 -21 278.14 142.602 350.518 75 36 38.7509 111.094 14.0672 131 -20 141.087 95.618 276.027 -40 17 38.7509 111.094 14.0672 -21 17 262.785 102.196 337.538 55 -20 14.9687 66.4123 277.824 210 -21 278.14 142.602 350.518 -59 55 278.14 142.602 350.518 -59 36 295.18 321.454 269.603 154 115 36.1838 169.639 151.085 75 75 100.24 253.509 287.155 55 -40 20.2757 50.3843 250.148 94 -40 20.2757 50.3843 250.148 -21 36 244.952 328.924 154.379 153 133 211.937 348.496 7.11537 74 -78 14.9687 66.4123 277.824 -230 74 151.04 186.212 86.6057 -59 74 68.8248 212.5 264.348 -155 36 151.04 186.212 86.6057 150 -78 14.9687 66.4123 277.824 -211 17 141.087 95.618 276.027 -135 -116 138.582 247.447 250.147 94 75 36.1838 169.639 151.085 -21 36 38.7509 111.094 14.0672 93 -77 151.04 186.212 86.6057 -1 -20 68.8248 212.5 264.348 17 -20 115.821 148.306 279.344 168 -1 141.087 95.618 276.027 -153 73 159.68 2.62583 149.874 187 35 244.952 328.924 154.379 -215 -1 141.087 95.618 276.027 55 94 211.937 348.496 7.11537 -1 132 134.482 97.9272 100.738 -40 -59 262.785 102.196 337.538 -1 -59 278.14 142.602 350.518 75 94 36.1838 169.639 151.085 -59 -21 151.04 186.212 86.6057 75 -59 20.2757 50.3843 250.148 75 -59 71.4384 3.78291 257.022 -158 -41 239.331 174.05 149.702 -59 152 335.993 168.557 179.22 -118 75 145.399 161.351 55.497 -79 114 335.993 168.557 179.22 -79 -60 262.785 102.196 337.538 -60 -40 262.785 102.196 337.538 17 75 244.952 328.924 154.379 -21 56 38.7509 111.094 14.0672 -118 -1 239.331 174.05 149.702 -177 -40 190.397 72.4149 56.0344 -60 -21 262.785 102.196 337.538 -60 172 335.993 168.557 179.22 -40 17 244.952 328.924 154.379 -78 -1 239.331 174.05 149.702 -98 36 145.399 161.351 55.497 -195 75 295.18 321.454 269.603 -40 55 36.1838 169.639 151.085 -21 -40 262.785 102.196 337.538 -195 114 115.821 148.306 279.344 -1 -40 68.8248 212.5 264.348 -78 -40 239.331 174.05 149.702 -136 55 295.18 321.454 269.603 -175 -79 138.582 247.447 250.147 -21 -21 68.8248 212.5 264.348 -40 36 211.937 348.496 7.11537 -77 35 356.596 204.709 333.077 -79 17 145.399 161.351 55.497 -98 -1 103.356 132.539 65.0265 -40 36 36.1838 169.639 151.085 -40 188 33.9477 359.874 57.5556 -81 -180 50.8996 101.778 206.253 75 -79 71.4384 3.78291 257.022 -179 76 115.821 148.306 279.344 -1 -40 295.18 321.454 269.603 173 -99 20.2757 50.3843 250.148 155 -80 20.2757 50.3843 250.148 
21 3 1 0 spray 0.820895 55 -57 163 159.68 2.62583 149.874 54 205 106.595 58.1803 226.124 128 147 356.596 204.709 333.077 73 54 295.18 321.454 269.603 201 108 239.331 174.05 149.702 164 164 262.785 102.196 337.538 55 -1 14.9687 66.4123 277.824 17 36 103.356 132.539 65.0265 -78 55 141.087 95.618 276.027 219 90 239.331 174.05 149.702 -60 94 278.14 142.602 350.518 -171 92 20.2757 50.3843 250.148 -1 56 160.593 182.085 21.1124 94 -21 145.399 161.351 55.497 -136 94 295.18 321.454 269.603 136 136 38.7509 111.094 14.0672 -117 94 71.4384 3.78291 257.022 -40 55 20.2757 50.3843 250.148 128 128 50.8996 101.778 206.253 -134 187 68.8248 212.5 264.348 109 -132 335.993 168.557 179.22 -40 74 115.821 148.306 279.344 37 212 36.1838 169.639 151.085 157 -21 71.4384 3.78291 257.022 73 186 106.595 58.1803 226.124 17 17 14.9687 66.4123 277.824 109 147 356.596 204.709 333.077 131 -59 145.399 161.351 55.497 171 113 138.582 247.447 250.147 -157 -60 244.952 328.924 154.379 151 132 244.952 328.924 154.379 128 147 40.1851 195.278 331.954 -178 -41 244.952 328.924 154.379 -98 94 115.821 148.306 279.344 17 17 20.2757 50.3843 250.148 36 -1 14.9687 66.4123 277.824 -98 94 14.9687 66.4123 277.824 -135 -135 244.952 328.924 154.379 75 -1 20.2757 50.3843 250.148 -135 93 71.4384 3.78291 257.022 111 -1 151.04 186.212 86.6057 90 163 40.1851 195.278 331.954 74 -21 14.9687 66.4123 277.824 17 36 138.582 247.447 250.147 -1 206 11.4196 157.037 90.8225 171 -1 278.14 142.602 350.518 -1 249 134.482 97.9272 100.738 -59 36 151.04 186.212 86.6057 54 17 151.04 186.212 86.6057 -180 37 190.397 72.4149 56.0344 -173 36 141.087 95.618 276.027 -58 55 20.2757 50.3843 250.148 -59 55 239.331 174.05 149.702 94 17 278.14 142.602 350.518 -190 54 141.087 95.618 276.027 
22 3 1 0 spray 0.3 1 132 55 16.4147 20.0493 279.369 
23 3 1 0 spray 0.668182 49 135 95 38.7509 111.094 14.0672 -60 36 262.785 102.196 337.538 114 56 36.1838 169.639 151.085 36 169 11.4196 157.037 90.8225 75 75 38.7509 111.094 14.0672 94 114 36.1838 169.639 151.085 -178 -80 239.331 174.05 149.702 -120 -80 262.785 102.196 337.538 -60 -41 40.1851 195.278 331.954 -60 172 337.436 333.451 243.894 -100 -140 33.9477 359.874 57.5556 76 95 38.7509 111.094 14.0672 -80 194 337.436 333.451 243.894 193 -60 71.4384 3.78291 257.022 -120 -1 262.785 102.196 337.538 75 172 36.1838 169.639 151.085 -157 -60 190.397 72.4149 56.0344 -197 95 115.821 148.306 279.344 -137 -60 239.331 174.05 149.702 -81 -160 50.8996 101.778 206.253 -140 -81 262.785 102.196 337.538 -138 -21 239.331 174.05 149.702 -178 -60 239.331 174.05 149.702 -119 95 335.993 168.557 179.22 95 95 38.7509 111.094 14.0672 55 36 335.993 168.557 179.22 -192 112 295.18 321.454 269.603 94 -60 20.2757 50.3843 250.148 114 153 36.1838 169.639 151.085 -60 76 160.593 182.085 21.1124 -154 55 103.356 132.539 65.0265 114 36 38.7509 111.094 14.0672 36 131 11.4196 157.037 90.8225 17 116 38.7509 111.094 14.0672 75 56 38.7509 111.094 14.0672 17 153 211.937 348.496 7.11537 75 114 100.24 253.509 287.155 17 -1 212.14 144.546 61.9073 36 -40 278.14 142.602 350.518 36 -40 20.2757 50.3843 250.148 55 170 11.4196 157.037 90.8225 115 76 38.7509 111.094 14.0672 17 -20 108.205 18.8663 259.228 -40 56 38.7509 111.094 14.0672 16 167 11.4196 157.037 90.8225 17 -1 108.205 18.8663 259.228 17 37 207.258 206.685 359.749 191 -79 20.2757 50.3843 250.148 37 173 211.937 348.496 7.11537 
24 3 1 0 spray 0.344262 7 -211 17 14.9687 66.4123 277.824 77 117 79.5465 19.3421 141.598 -120 -100 262.785 102.196 337.538 -136 36 141.087 95.618 276.027 17 214 335.993 168.557 179.22 96 -60 159.68 2.62583 149.874 106 -19 245.011 51.5766 190.294 
25 3 1 0 spray 0.75 1 198 34 190.397 72.4149 56.0344 
26 3 1 0 spray 0.979592 16 76 -217 108.205 18.8663 259.228 154 76 36.1838 169.639 151.085 -141 57 115.821 148.306 279.344 -118 -99 244.952 328.924 154.379 167 -133 14.9687 66.4123 277.824 150 36 138.582 247.447 250.147 94 -21 16.4147 20.0493 279.369 93 -1 138.582 247.447 250.147 36 -21 190.397 72.4149 56.0344 190 -117 71.4384 3.78291 257.022 74 -21 138.582 247.447 250.147 -21 -40 190.397 72.4149 56.0344 -1 -40 190.397 72.4149 56.0344 170 -135 103.356 132.539 65.0265 -160 -81 190.397 72.4149 56.0344 153 -138 103.356 132.539 65.0265 
27 3 1 0 spray 0.214286 1 -58 -77 38.7509 111.094 14.0672 
28 3 1 0 spray 0.6 1 108 53 356.596 204.709 333.077 
29 3 1 0 spray 0.9375 5 -113 -20 71.4384 3.78291 257.022 -76 -38 20.2757 50.3843 250.148 -76 -207 36.1838 169.639 151.085 35 -96 145.399 161.351 55.497 35 -1 63.0246 283.695 299.48 
30 3 1 0 spray 0.681818 5 -74 -74 207.258 206.685 359.749 71 89 227.696 18.1365 145.942 -75 -148 63.0246 283.695 299.48 16 90 50.8996 101.778 206.253 71 53 40.1851 195.278 331.954 
31 3 1 0 spray 0.391304 6 -57 72 159.68 2.62583 149.874 -76 72 159.68 2.62583 149.874 -76 54 108.205 18.8663 259.228 -151 -20 71.4384 3.78291 257.022 -58 -151 36.1838 169.639 151.085 35 -20 100.24 253.509 287.155 
32 3 1 0 spray 0.9 6 73 54 239.331 174.05 149.702 -115 -20 14.9687 66.4123 277.824 -95 -39 71.4384 3.78291 257.022 -39 -58 71.4384 3.78291 257.022 -20 16 159.68 2.62583 149.874 -57 -1 106.595 58.1803 226.124 
33 3 1 0 spray 0.5 1 -114 -152 79.5465 19.3421 141.598 
34 3 1 0 spray 0.923077 4 71 -112 160.593 182.085 21.1124 -57 54 159.68 2.62583 149.874 -76 -188 211.937 348.496 7.11537 -39 53 356.596 204.709 333.077 
35 3 1 0 spray 0.162162 2 -56 -111 207.258 206.685 359.749 -38 -130 63.0246 283.695 299.48 
36 3 1 0 spray 0.666667 2 145 -1 40.1851 195.278 331.954 -56 -148 63.0246 283.695 299.48 
37 3 1 0 spray 0.857143 4 -38 -112 100.24 253.509 287.155 -20 -93 63.0246 283.695 299.48 -57 -167 100.24 253.509 287.155 127 -1 40.1851 195.278 331.954 
38 3 1 0 spray 0.964286 9 34 53 356.596 204.709 333.077 -75 -130 79.5465 19.3421 141.598 -38 16 106.595 58.1803 226.124 34 53 227.696 18.1365 145.942 16 53 227.696 18.1365 145.942 -56 -130 207.258 206.685 359.749 -38 34 106.595 58.1803 226.124 -20 16 106.595 58.1803 226.124 -20 34 106.595 58.1803 226.124 
39 3 1 0 spray 0.375 3 -1 -111 207.258 206.685 359.749 16 -167 207.258 206.685 359.749 -20 -167 207.258 206.685 359.749 
40 3 1 0 spray 0.0882353 2 -93 -167 38.7509 111.094 14.0672 -1 -112 100.24 253.509 287.155 
41 3 1 0 spray 0.160714 3 -76 -206 211.937 348.496 7.11537 -39 -188 100.24 253.509 287.155 16 16 227.696 18.1365 145.942 
42 3 1 0 spray 0.35503 20 -1 73 11.4196 157.037 90.8225 16 -57 100.24 253.509 287.155 -132 -39 71.4384 3.78291 257.022 91 -151 160.593 182.085 21.1124 91 -170 337.436 333.451 243.894 35 -151 134.482 97.9272 100.738 54 -20 40.1851 195.278 331.954 -58 -1 108.205 18.8663 259.228 -57 -206 211.937 348.496 7.11537 73 -20 40.1851 195.278 331.954 -57 -149 79.5465 19.3421 141.598 35 -190 134.482 97.9272 100.738 54 -114 335.993 168.557 179.22 -39 -39 106.595 58.1803 226.124 35 -77 335.993 168.557 179.22 -39 -188 211.937 348.496 7.11537 35 -114 335.993 168.557 179.22 54 -170 335.993 168.557 179.22 -39 -208 36.1838 169.639 151.085 -20 -77 134.482 97.9272 100.738 
43 3 1 0 spray 0.75 5 54 -226 335.993 168.557 179.22 35 -189 335.993 168.557 179.22 -1 -132 134.482 97.9272 100.738 16 -245 335.993 168.557 179.22 -1 -170 134.482 97.9272 100.738 
44 3 1 0 spray 0.8 4 -168 -38 20.2757 50.3843 250.148 -38 -187 207.258 206.685 359.749 53 35 356.596 204.709 333.077 -130 -38 20.2757 50.3843 250.148 
45 3 1 0 spray 0.75 1 -20 -59 38.7509 111.094 14.0672 
46 3 1 0 spray 0.964286 9 72 -225 335.993 168.557 179.22 -39 -77 38.7509 111.094 14.0672 17 -1 33.9477 359.874 57.5556 -1 -59 212.14 144.546 61.9073 -60 -157 239.331 174.05 149.702 190 -40 141.087 95.618 276.027 17 111 33.9477 359.874 57.5556 55 -1 11.4196 157.037 90.8225 -58 -96 38.7509 111.094 14.0672 
47 3 1 0 spray 0.5 4 -136 -21 278.14 142.602 350.518 17 -1 337.436 333.451 243.894 -116 -135 138.582 247.447 250.147 36 74 36.1838 169.639 151.085 
48 3 1 0 spray 0.761658 49 -1 -1 159.68 2.62583 149.874 -39 -39 211.937 348.496 7.11537 55 55 211.937 348.496 7.11537 -1 55 337.436 333.451 243.894 -77 -133 212.14 144.546 61.9073 -40 74 335.993 168.557 179.22 55 55 36.1838 169.639 151.085 -21 74 335.993 168.557 179.22 -1 -59 239.331 174.05 149.702 -40 -78 239.331 174.05 149.702 92 -1 244.952 328.924 154.379 36 55 36.1838 169.639 151.085 -39 -58 36.1838 169.639 151.085 -1 -21 159.68 2.62583 149.874 112 17 211.937 348.496 7.11537 -1 36 337.436 333.451 243.894 111 -1 244.952 328.924 154.379 -39 54 11.4196 157.037 90.8225 17 -39 337.436 333.451 243.894 17 36 36.1838 169.639 151.085 -1 92 33.9477 359.874 57.5556 17 36 335.993 168.557 179.22 17 17 211.937 348.496 7.11537 36 -1 335.993 168.557 179.22 36 17 36.1838 169.639 151.085 17 17 335.993 168.557 179.22 -21 -117 239.331 174.05 149.702 -20 -39 36.1838 169.639 151.085 -1 -40 108.205 18.8663 259.228 35 -39 335.993 168.557 179.22 -20 -58 36.1838 169.639 151.085 36 -20 211.937 348.496 7.11537 35 -1 356.596 204.709 333.077 16 -20 134.482 97.9272 100.738 -40 -21 33.9477 359.874 57.5556 17 -1 11.4196 157.037 90.8225 17 -1 356.596 204.709 333.077 36 -20 36.1838 169.639 151.085 36 -136 33.9477 359.874 57.5556 -20 -96 211.937 348.496 7.11537 -40 -40 33.9477 359.874 57.5556 -1 -58 36.1838 169.639 151.085 -1 -20 335.993 168.557 179.22 17 -21 11.4196 157.037 90.8225 36 -40 36.1838 169.639 151.085 17 -59 11.4196 157.037 90.8225 -1 -58 335.993 168.557 179.22 17 -58 33.9477 359.874 57.5556 -1 -39 33.9477 359.874 57.5556 
49 3 1 0 spray 0.75 5 -115 -172 79.5465 19.3421 141.598 -39 -39 160.593 182.085 21.1124 -39 -115 134.482 97.9272 100.738 -39 -77 134.482 97.9272 100.738 35 -115 337.436 333.451 243.894 
50 3 1 0 spray 0.4 6 -78 17 159.68 2.62583 149.874 17 -116 337.436 333.451 243.894 -40 -20 134.482 97.9272 100.738 55 -59 115.821 148.306 279.344 -59 -116 134.482 97.9272 100.738 -20 -1 335.993 168.557 179.22 
51 3 1 0 spray 0.428571 2 -39 -39 36.1838 169.639 151.085 -59 -40 108.205 18.8663 259.228 
52 3 1 0 spray 0.8 12 -79 -1 159.68 2.62583 149.874 -39 -58 14.9687 66.4123 277.824 17 -60 115.821 148.306 279.344 -98 17 159.68 2.62583 149.874 -1 -40 159.68 2.62583 149.874 -79 -194 134.482 97.9272 100.738 -21 -21 227.696 18.1365 145.942 -21 94 337.436 333.451 243.894 -21 -21 40.1851 195.278 331.954 -21 55 134.482 97.9272 100.738 -136 -155 138.582 247.447 250.147 -21 -21 337.436 333.451 243.894 
53 3 1 0 spray 0.6 1 37 -80 159.68 2.62583 149.874 
54 3 1 0 spray 0.972973 12 -134 -20 14.9687 66.4123 277.824 -94 -57 20.2757 50.3843 250.148 -79 -196 100.24 253.509 287.155 17 -78 239.331 174.05 149.702 -96 17 108.205 18.8663 259.228 56 -21 11.4196 157.037 90.8225 17 17 33.9477 359.874 57.5556 -20 -187 63.0246 283.695 299.48 -21 -40 11.4196 157.037 90.8225 -41 -99 337.436 333.451 243.894 17 -194 108.205 18.8663 259.228 34 -186 207.258 206.685 359.749 
55 3 1 0 spray 0.954545 7 -1 -116 337.436 333.451 243.894 -1 -116 11.4196 157.037 90.8225 17 -136 11.4196 157.037 90.8225 -1 -97 33.9477 359.874 57.5556 17 -155 11.4196 157.037 90.8225 17 -135 33.9477 359.874 57.5556 17 -155 33.9477 359.874 57.5556 
56 3 1 0 spray 0.75 1 -1 -190 335.993 168.557 179.22 
57 3 1 0 spray 0.333333 1 -21 -177 337.436 333.451 243.894 
58 3 1 0 spray 0.193548 2 -1 -58 33.9477 359.874 57.5556 -1 -210 11.4196 157.037 90.8225 
59 3 1 0 spray 0.25 4 -40 -116 212.14 144.546 61.9073 -1 -39 212.14 144.546 61.9073 17 -58 36.1838 169.639 151.085 36 -1 38.7509 111.094 14.0672 
60 3 1 0 spray 0.75 1 36 -193 108.205 18.8663 259.228 
61 3 1 0 spray 0.9375 5 55 74 11.4196 157.037 90.8225 55 -21 38.7509 111.094 14.0672 75 -40 141.087 95.618 276.027 -40 -59 278.14 142.602 350.518 -59 -59 278.14 142.602 350.518 
62 3 1 0 spray 0.642857 3 17 -98 108.205 18.8663 259.228 36 -175 33.9477 359.874 57.5556 -21 -117 337.436 333.451 243.894 
63 3 1 0 spray 0.5 1 -75 -184 38.7509 111.094 14.0672 
64 3 1 0 spray 0.9375 5 -1 -115 36.1838 169.639 151.085 35 -58 63.0246 283.695 299.48 36 -136 11.4196 157.037 90.8225 16 -113 100.24 253.509 287.155 16 -95 63.0246 283.695 299.48 
65 3 1 0 spray 0.575342 14 -1 -40 244.952 328.924 154.379 -100 -100 262.785 102.196 337.538 -138 -118 239.331 174.05 149.702 -98 -98 239.331 174.05 149.702 -138 -138 239.331 174.05 149.702 -117 -59 278.14 142.602 350.518 75 -21 38.7509 111.094 14.0672 -156 -59 278.14 142.602 350.518 -100 -140 262.785 102.196 337.538 -40 -79 278.14 142.602 350.518 -60 -119 262.785 102.196 337.538 -40 -118 262.785 102.196 337.538 -59 -117 239.331 174.05 149.702 -101 -161 262.785 102.196 337.538 
66 3 1 0 spray 0.375 13 -79 -137 239.331 174.05 149.702 -21 -40 159.68 2.62583 149.874 -60 -41 356.596 204.709 333.077 -100 -178 239.331 174.05 149.702 -61 -61 356.596 204.709 333.077 -61 -121 106.595 58.1803 226.124 36 -59 211.937 348.496 7.11537 -20 -115 211.937 348.496 7.11537 -21 -40 356.596 204.709 333.077 -41 -81 356.596 204.709 333.077 -20 -189 36.1838 169.639 151.085 -21 -100 227.696 18.1365 145.942 -40 -196 33.9477 359.874 57.5556 
67 3 1 0 spray 0.75 1 70 -110 245.011 51.5766 190.294 
68 3 1 0 spray 0.947368 6 -173 -193 244.952 328.924 154.379 -78 -135 138.582 247.447 250.147 129 -39 40.1851 195.278 331.954 34 -110 245.011 51.5766 190.294 36 -40 38.7509 111.094 14.0672 -20 -78 71.4384 3.78291 257.022 
69 3 1 0 spray 0.0196078 1 53 239 33.9477 359.874 57.5556 
70 3 1 0 spray 0.0882353 2 -20 182 356.596 204.709 333.077 -2 -82 356.596 204.709 333.077 
71 3 1 0 spray 0.9 3 -22 -183 227.696 18.1365 145.942 -102 -82 50.8996 101.778 206.253 -2 -104 356.596 204.709 333.077 
72 3 1 0 spray 0.576923 5 128 128 40.1851 195.278 331.954 -20 -20 79.5465 19.3421 141.598 -167 -1 20.2757 50.3843 250.148 108 89 40.1851 195.278 331.954 164 -1 40.1851 195.278 331.954 
73 3 1 0 spray 0.26087 2 -76 -168 38.7509 111.094 14.0672 53 -148 207.258 206.685 359.749 
74 3 1 0 spray 0.0869565 2 75 -59 207.258 206.685 359.749 74 -78 207.258 206.685 359.749 
75 3 1 0 spray 0.976744 14 111 167 50.8996 101.778 206.253 -2 119 207.258 206.685 359.749 -22 -82 356.596 204.709 333.077 -62 138 160.593 182.085 21.1124 38 -82 356.596 204.709 333.077 17 36 278.14 142.602 350.518 -40 75 145.399 161.351 55.497 -102 138 160.593 182.085 21.1124 180 -22 20.2757 50.3843 250.148 -80 95 14.9687 66.4123 277.824 38 100 207.258 206.685 359.749 36 17 20.2757 50.3843 250.148 -102 -62 356.596 204.709 333.077 58 158 38.7509 111.094 14.0672 
76 3 1 0 spray 0.75 1 -2 141 207.258 206.685 359.749 
77 3 1 0 spray 0.5 1 92 73 262.785 102.196 337.538 
78 3 1 0 spray 0.8 4 18 78 207.258 206.685 359.749 -22 -162 227.696 18.1365 145.942 -102 -82 356.596 204.709 333.077 78 -122 159.68 2.62583 149.874 
79 3 1 0 spray 0.333333 2 98 118 79.5465 19.3421 141.598 188 -115 160.593 182.085 21.1124 
80 3 1 0 spray 0.111111 1 186 92 40.1851 195.278 331.954 
81 3 1 0 spray 0.625 5 217 -41 71.4384 3.78291 257.022 17 113 337.436 333.451 243.894 77 -161 108.205 18.8663 259.228 -96 168 68.8248 212.5 264.348 114 191 63.0246 283.695 299.48 
82 3 1 0 spray 0.9375 5 205 -1 295.18 321.454 269.603 130 -77 337.436 333.451 243.894 36 188 134.482 97.9272 100.738 -1 171 108.205 18.8663 259.228 133 210 212.14 144.546 61.9073 
83 3 1 0 spray 0.947368 6 -57 -169 79.5465 19.3421 141.598 56 -40 11.4196 157.037 90.8225 153 56 211.937 348.496 7.11537 -21 -118 212.14 144.546 61.9073 169 -115 115.821 148.306 279.344 -39 -133 211.937 348.496 7.11537 
